LATITUDE
31.100
38.000
35.683
36.400
31.500
35.500
35.683
32.000
29.600
33.000
33.270
37.000
33.560
37.900
39.700
37.000
38.900
35.500
38.250
35.000
40.000
23.000
41.000
38.500
42.700
36.300

29.200
36.200
44.300
36.000
36.404
35.400
33.800

36.300
45.200
36.000
41.300
43.000
43.500
34.900
31.200
32.000
25.700
28.800
35.000
35.200
38.000
37.800
37.850
38.200
33.000
35.900
40.500
31.200
33.000
37.000
36.100
41.000
35.000
41.200
37.900
35.200
40.700
34.800
40.821
35.900
40.600
35.800
39.500
40.000
36.100
40.770
35.800
34.700
35.800
36.700
34.700
36.500
39.000
37.500
38.600
38.000
39.400
45.300
35.500
39.100
41.900
36.600
32.600
40.300
35.500
33.200
31.700
34.100
40.500
41.200
36.100
36.200
36.200
41.300
40.500
40.300
35.400
41.400
33.900
41.000
40.700
40.770
41.600
31.300
41.000
35.000
40.700
40.000
40.500
41.100
36.000
36.100
36.100
41.000
37.067
31.200
31.900
40.500
35.500
41.000
40.900
35.000
40.400
36.200
36.200
20.300
44.400
41.000
40.800
34.300
32.100
42.700
39.000
35.500
39.400
42.000
39.600
41.200
36.200
36.250
40.100
36.250
36.200
40.300

38.400
33.900
36.100
33.900
36.500
41.040
36.100
40.900
40.900
40.900
43.600
36.200
45.600
36.000
36.100
36.250
34.300
41.000
38.000
36.100
35.300
35.500
35.000
32.500
38.400
35.700
33.800
36.000
40.400
36.000
34.600
39.700
40.700
35.000
42.100
35.300
32.400
35.500
34.600
32.000
33.500
35.000
31.200
33.300
31.600
37.800
45.400
28.100
35.500
32.500
45.500
35.000
41.900
45.400
36.950
56.300
27.900
36.800
35.200
37.400
36.000
40.400
49.500
33.500
36.200
36.100
41.600
33.500
36.210
35.300
39.000
40.000
41.500
35.700
50.100
40.000
35.300
40.000
36.800
36.200
37.900

40.000
38.000
36.000
33.000
35.300
40.000
37.100
38.000
35.300
41.000
38.500
33.200
37.800
30.000
30.000
37.500
33.000
38.300
40.000
45.300
41.700
41.900
35.300
33.200
34.600
33.800
39.700
36.000
38.000
36.100
38.000
34.900
34.800
35.700
35.300
33.200
38.000
36.100
27.400
27.700
41.100
36.200
41.100
33.500
29.000
31.800
46.000
35.000
34.300
45.300
47.000
40.500
33.200
27.665
41.000
64.000
47.500
39.800
34.800
33.000
37.600
32.000
38.400
38.400
35.700
38.000
38.100
39.700
40.500
52.000
36.000
30.600
39.700
34.300
34.300
40.400
40.700
38.100
35.000
34.000
23.600
29.500
38.500
30.000
14.200
35.000
40.500
39.900
31.000
34.000
37.000
41.400
40.500
34.300
36.100
34.000
33.000
36.000
37.500
35.000
36.200
36.200
38.500
37.500
42.420
36.100
26.400
36.800
36.100
45.500
44.800

36.200
36.100
41.100
36.200
33.200
36.300
37.300
40.300
38.500
33.200
32.600
38.700
39.800
45.800
34.500
36.200
35.100
38.400
32.000
64.300
37.300
36.200
34.400
38.000
35.300
37.500
36.300
36.100
41.100
32.600
64.000
34.500
39.300
46.400
33.500
27.100
36.300
42.000
36.000
36.000
30.500
36.000
34.500
45.550
41.600
38.500
43.600
41.000
41.500
45.300
41.300
34.200
41.200
35.200
41.000
27.700
39.000
35.200
38.000
36.000
39.750

38.000
41.300
40.600
42.100
35.100
45.300
44.200
36.100
44.100
44.100
36.100
41.700
33.300
47.400
40.000
48.600
41.500
29.400
36.100
32.000
35.200
46.900
46.900
42.400
44.100
42.400
36.800
36.200
34.000
36.300
38.500
39.800
35.900
26.600
35.500
31.200
35.600
36.500
41.500
39.100
36.000
45.200
30.100
42.800
37.734
33.700

26.600
34.700
40.400
34.300
29.000
44.300
41.000
33.500
44.000
34.900
32.600
40.800
38.000
43.800
47.500
36.900
46.400
42.300
43.000
37.300
35.600
43.500
40.800
35.100
36.800
47.400
14.100
36.800
33.400
26.800
40.300
33.000
28.800
36.800
37.300
37.600
32.000
42.100
46.900
12.400
41.100
35.300
39.200
39.300
37.600
44.200
44.100
12.400
36.200
36.100
36.200
38.500
39.800
44.100
47.400
44.100
27.700
36.500
35.000

33.700
36.100
36.000
34.400
36.000
33.800
36.200
43.500
41.000
43.900
40.900
14.100
41.700
43.400
37.200
34.900
36.200
28.300
38.000
38.300
48.500
43.200
38.700
24.500
41.900
37.500
42.600
47.500
47.500
35.900
42.200
39.800
40.400
31.200
31.200
39.900
46.300
42.300
42.300
14.100
37.300
38.500
42.600
-16.300
42.600
27.500
43.000
36.000
26.500
42.000
36.000
36.000
42.600
26.100
39.900
24.900
36.200
40.500
37.000
36.900
34.400
31.700

39.400
36.500
54.000
36.900
33.000
36.800
25.500
43.800
43.400
35.500
37.600
35.100
43.500
34.400
9.900
34.000
33.500
25.000
24.900

34.800
35.500
45.800
35.700
18.300
46.800
37.300
42.600
34.500
35.200
45.900
24.600
35.200
38.100
31.500
40.800
46.400
41.700
48.800
34.600
34.500
46.100
46.200
46.100
26.600
25.000
46.400
-17.200
37.800
25.100
26.600
25.700
42.600
42.600
45.700
24.100
38.000
37.200
25.300
33.600
-40.000
36.900
19.200
17.000
38.000
42.600
10.500
38.700
30.700
25.800
28.100

40.600
19.200
23.600
16.200
10.800
19.200
44.070
37.070
-19.000
10.500
34.800
37.200
32.000
38.700
33.500
38.000
40.700
38.700
25.800
-16.600
35.800
-11.900
42.800
34.500
46.900
41.000
41.000
-.200
24.900
24.200
37.500
40.500
38.000
40.500
-38.700
42.400
19.100
44.017
14.600
14.600
27.700
3.000
39.000
34.400
20.200
-36.750
45.300
24.100
34.400
19.200
46.200
45.100
34.000
-.200
-39.800

25.000
-12.500
8.705
25.100
35.300
51.019
-14.100
-16.600
-12.200
40.600
46.200
46.200
46.300
-11.800
35.000
25.300
-12.300
14.553
-5.300
-.220
37.100
24.000
29.400
34.800
37.900
35.400
45.000
-.500
45.900
48.300
-17.200
37.783
47.100
-14.000
33.300
38.800
33.300
38.800
14.600
-16.800
-16.600
23.500
14.600
14.600
46.800
35.100
18.000
17.000
-17.880
25.000
-29.900
35.500
33.000
33.500
19.900
23.600
17.000
36.400
42.400
42.400
42.400
39.200
-11.900
38.600
8.300
47.500
17.000
19.500
21.500
19.500
37.500
39.000
35.100
38.800
35.500
37.200
38.117
35.300
38.400
38.400
37.200
37.500
44.900
35.700
18.500
-18.500
46.800
38.100
39.000
36.100
37.000
18.900
43.600
46.300
35.000
17.000
-7.941
32.500
18.200
52.300
10.800
40.900
39.500
8.600
37.500
23.000
46.800
46.800
36.500
44.600
34.000
38.800
38.800
39.400
40.400
37.500
-.200
41.733
18.400
46.000
40.600
13.200
36.000
-4.600
53.600
32.600
38.700
-12.200
-4.600
11.200
35.300
35.500
29.300
40.821
42.400
35.200
-41.800
37.500
38.000
34.100
30.700
35.100
38.100
38.100
5.100
7.600
39.033
39.250
36.200
42.500
42.600
-30.000
38.200
-1.700
50.800
38.570
42.070
23.000
45.900
18.200
-1.500
38.000
10.900
23.500
42.300
35.100
35.200
35.500
7.500
43.000
7.600
39.400
-1.700
14.400
14.400
38.300
43.550
41.040
41.900
37.700
-15.500
-33.400
36.000
38.300
45.000
12.500
15.000
38.183
35.500
35.500
38.000
-13.500
36.400

42.100
25.400
38.200
13.100
34.300
41.400
40.100
-12.100
35.000
-12.300
34.400
-12.500
47.100
-36.830
31.500
-33.500
-3.000
-12.400
39.400
-8.100
38.000
14.400
37.500

38.700
-6.920
38.400
43.100
-.200
35.300
44.630
23.000
44.100
-.200
17.000
35.500
31.700
35.000
47.600
12.400
-14.100
35.500
38.700
38.100
35.000
35.400
14.600
37.000
35.000
36.000
37.200
42.600
18.800
37.200
38.400
40.600
25.000
18.300
38.000
42.350
24.000
38.400
35.300
38.000
40.600
37.600

47.200
33.000
35.900
35.500
27.500
40.600
33.400
43.933
40.000
36.500
18.300
1.375
-3.000
36.300
1.375
39.500
-3.750
-3.700
-1.700
13.000
34.500
40.000
33.400
35.000
14.500
17.600
37.100
20.000
34.200
-9.000
38.600
40.100
40.000
13.300
31.400
25.000
34.600
36.500
-18.500
37.500

48.000
20.000
17.000
38.700
27.700
40.100
19.000
18.300
36.200
-32.800
-13.500
-1.300
40.380
17.917
17.600
44.400
24.000
41.170
26.500
38.400
38.400
43.700
-2.200
47.700
17.500
46.600
18.300
17.800
-25.400
40.100
37.333
23.100
25.000
40.000
40.700
45.400
36.000
42.500
39.300
37.800
16.700
-1.200
-1.300
33.300
45.600
-12.100
14.400
45.000
34.200
36.500
18.300
16.500
41.100
14.400
42.780
42.467
26.600
44.400
35.000
26.400
41.000
38.000
34.900
38.800
-18.600
63.900
41.600
-13.000
34.100
33.200
40.400

34.000
43.800
-3.690
37.400
-4.530
27.800
35.500
19.200
-4.000
47.000
34.300
25.400
32.000
36.500
17.000
38.200
21.850
38.250
38.700
-17.300
33.300
38.300
36.800
-17.200
-13.700
29.000
36.800
14.002
41.200
39.000
44.100
18.300
35.000
40.800
31.400

40.400
29.000
38.218
20.300
38.200
47.400
23.000
45.300
18.000
37.900
23.000
38.700
-6.174
37.200
38.500
-9.000
-16.400
25.100
56.500
-16.600
30.100
36.300
38.100
19.200
39.500
37.500
14.400
38.000
14.400
37.500
44.000
42.800
38.500
-32.500
40.000
36.200
14.100
41.500
37.900
23.000
30.300
16.800
41.080
35.200

26.200
15.700


2.600
15.800
23.100
-.900

51.100
55.500
50.000
-43.000
33.200
36.800
33.300
38.900
44.000
-14.100
19.200
39.300
40.700
17.000
45.100
43.200
38.500
37.800
-36.800
53.300
37.800
50.500
14.000
39.000
11.200
4.500
17.000
-11.996
13.600
-13.900
30.100
39.000
32.900
38.300
30.400
36.400
14.002
20.700
43.200
36.200
24.700
42.100
46.000
10.500
18.500
20.700
2.500
37.200
-36.830
26.500
37.800
43.200
19.000
18.500
18.500
43.800
18.500
40.400
35.000
37.800
31.200
14.002
-3.500
16.800
30.800
-3.500
24.700
23.800
42.500
-.200
34.000
37.000
42.700
34.080
46.300
38.700
-.900
34.000
45.800
38.650
39.300
49.920
37.000
-6.000
36.800
37.000
44.900
38.000
41.000
19.500
33.000
33.300
20.000
34.500
24.400
24.400
50.000
22.000
38.100
40.500
41.000
40.700
47.700
-6.000
24.300
15.910
38.700
13.700
34.800
-33.050
40.900
41.000
27.700
19.900
3.700
38.000
14.400
10.470
14.700
14.400
38.200
39.300
14.200
22.200
-4.850
26.200
44.000
44.100
33.000
29.400
32.300
38.800
51.800
46.900
38.717
38.600
18.500
24.600
14.600
-5.000
14.200
24.000
17.600
39.500
39.300
44.400
35.800
14.600
14.600
46.900
47.000
4.900
19.900
19.000
-3.700
46.000
19.000
9.200
19.000
16.700
23.500
35.500
20.300
33.600
38.500
33.900
38.000
38.000
45.300
42.400
18.200
35.000
43.600
18.100
36.300
24.500
35.100
38.900
38.300
38.217
38.583
38.200
38.767
38.700
38.783
38.300
19.300
38.317
38.167
16.900
17.000
-16.500
39.700
18.500
63.800
40.900
38.200
39.900
4.600
39.700
38.200
29.800
44.000
8.500
16.500
15.500
18.300
18.000
10.800
10.700
18.470
57.000
55.000
14.000
7.600
24.200
43.500
34.600
35.700
54.000
24.500
56.000
34.500
38.500
37.500
35.800
38.000
14.600
35.300
32.800
43.500
23.600
54.000
31.000
57.000
40.850
38.500
19.000
30.600
39.300
34.000
10.470
9.300
17.000
10.700
7.400
35.200
40.500
-27.350
16.000
-1.640
.001
10.600

10.200
43.500
36.200
-27.350
46.900
36.600
43.100
43.100
23.800
7.500
39.400
-12.000
19.200
36.200
28.100
17.000
46.900
17.200
45.500
10.300
-3.700
45.700
36.500
37.700
25.600
27.500
38.300
36.833
38.200
39.050
36.900
10.500
5.300
41.200
36.300
34.400
18.900
41.700
-12.100
44.833
35.300
33.900
36.300
36.200
-.217
-33.880
36.300
14.000
35.500
28.200
39.900
23.800
41.800
25.200
31.700
13.100
-33.080
35.600
35.600
36.300
36.500
43.700
41.900
43.700
10.600
43.300
18.000
35.400
34.370
34.200
-14.100
29.600
13.100
35.800
43.200
23.700
-10.217
-3.700
17.000
25.200
34.800
-8.000
35.000
38.800
5.000
15.500
31.400
39.950
45.900

38.250
37.600
43.917
-4.000
19.100
42.800
19.200
37.800
-7.000
36.100
35.070
-27.400
-27.400
-27.000
42.500
23.000
66.416
54.520
38.800
17.200
34.100
29.600
37.750
-7.000
10.500
36.500
-4.500
37.800
35.300
-15.950
-16.107
45.700
10.100
33.000
36.000
36.000
-33.000
-33.050
12.100
38.100
42.700
39.750
10.500
36.300
-6.500
42.700
14.400
29.600
18.000
29.700
29.800
16.700
13.700
14.250
14.400
38.750
11.100
36.400
14.000
10.400
29.600
36.100
27.070
4.600
20.000
-45.800
34.900
40.700
53.000
31.600
1.800
14.400
40.700
-12.130
32.600
34.200
40.700
14.550
37.500
-7.000
51.400
38.200
41.200
41.200
-33.050
33.200
36.600
44.200
14.550
17.000
43.500
43.000
36.400
35.700
36.400
35.000
14.550
37.800
43.800
13.100
38.100
32.800
-18.500
12.400
-38.700
42.900
36.500
39.000
40.400
16.800
-28.500
29.400
28.300
25.200
-18.251
-2.500
38.900
1.200
43.300
44.300
1.400
16.800
24.900
11.000
31.300
14.000
8.800
-6.700
47.600
28.600
33.000
-36.830
46.700
37.900
38.500
39.300
-3.700
-8.300
39.600
38.000
-22.600
40.100
-8.300
33.000
44.200
18.200
16.860
10.300
34.600
5.500
19.450
-42.500
20.000
-8.500
45.700
-36.700
37.600
32.000
21.800
14.400
26.100
26.100
13.700
21.900

10.500
42.500
23.400
45.900
-8.000
-12.300
.800
12.900
39.700
46.200
38.000
39.800
52.000
38.400
10.000
-5.000
-4.000
40.500
34.400
36.500
19.750
43.600

24.000
9.600
1.500
38.300
-7.200
16.500
19.000
38.600
42.000
-39.900
36.300
-29.900
18.300
33.600
40.980
37.400
13.100
11.000
-25.000
1.480
12.300
11.100
24.100
17.000
17.000
-18.500
23.583
-39.930
39.100
46.100
2.000
-27.350
39.500
37.000
-14.000
37.000
43.400
26.000
-32.450
37.000
-12.100
46.000
29.500
17.000
-31.610
-31.610
7.333
-6.670
38.700
37.200
35.300
17.000
-17.900
-41.300

-41.670
24.100
14.000
7.300
10.700
55.000
55.000
-29.950
42.800
27.800
34.700
46.300
41.200
10.400
36.500
-33.320
25.100
37.800
16.200
-27.350
41.000
40.500
40.500
40.000
36.200
-6.500
17.000
27.700
37.100
37.500
37.500
20.000
39.900
14.000
1.500
-3.700

-5.250
-12.100
32.500
17.000
38.300
-5.000
13.800
35.500
35.500
40.900
29.600
40.800
10.500
38.250
26.200
47.000
-21.167
14.000
24.000
-3.500
19.800
57.000
39.300
13.800
17.000
34.400
44.300
35.000
43.000
39.500
8.500
8.500
38.060
.800
37.800
34.000
33.100
29.100
43.800
-41.250
17.000
-39.200
40.200
17.000
40.750
16.000
40.200
40.200
42.000
34.100
.800
46.300
-33.000
37.100
15.910
37.800
34.500
35.650
32.500
39.100
43.800
29.200
37.100
17.000
37.500
3.670
46.400
29.700
-8.500
16.000
37.100
37.100
40.500
35.500
38.250
4.900
35.000
38.400
37.400
-5.500
-8.000
36.500
34.800
39.400
40.200
38.300
1.350
1.350
40.300
49.200
55.000
38.000
36.000
36.571
-30.000
17.000
19.200
19.000
40.000
42.800
26.200
40.000
38.200
37.500
1.000
-.300
43.400
39.900
40.700
1.000
-4.600
.009
40.200
42.800
13.330
37.600
-5.500
-27.350
-9.000
-40.850
13.700
.900
18.520
40.000
-12.100
1.300
-1.250
-1.000
.009
-32.800
-13.800
1.000
18.500
13.740
46.000
1.000
37.500
39.100
-1.500
38.500
38.200
52.300
14.500
38.300
40.300
32.700
23.400
7.000
35.000
38.800
12.700
35.500
38.100
-6.100
36.500
26.000
14.500
44.000
14.500
-7.500
38.250
-19.000
44.600
43.800
40.500
38.000
38.530
38.250
30.600
18.200
-1.000
46.500
18.600
33.380
-12.000
33.200


38.500
29.600
-7.200
37.700
39.400
41.000
37.200
13.250
-19.500
40.400
19.000

36.400
36.000
40.300
27.700
58.000
40.100
18.200
36.400
39.800
38.400
39.200
18.400
33.500
-7.800
36.400
10.900
18.100
18.400
25.340
36.300
18.100
19.000
41.200
21.000
40.000
55.000
21.200
16.800
24.500
16.800
-18.600
10.700
-18.600
.810
.310
37.600
-36.700
-17.000
-33.100
-40.200
41.200
37.700
32.400
7.000
24.500
-36.600
-39.900
37.783
37.783
7.500
7.700
-12.100
-19.600
27.700
-30.000
40.300
12.500
-16.400
-21.000
-19.600
13.500
44.750
34.900
37.000
38.800
30.000
-22.500
15.400

14.083
12.400
9.500
38.500

38.500
39.200
39.280

7.000

-13.650
18.200
20.700
9.203
40.400
-35.000
40.500
-33.100
18.350
-13.000
.500
18.400
-20.200
7.400
37.300
-41.500
37.300
-16.400
16.000
40.600
39.800
34.900
36.700
17.000
36.200
5.500
34.500
52.200
34.800
43.200
48.400
13.800
27.070
37.800
13.640
13.600
46.200
-32.300
41.700
44.500
8.960
38.000
-23.600
42.000
-5.500
10.400
18.100
28.200
38.800
22.000
17.000
10.500
6.800
14.500
35.000
20.700
20.000
-20.000
37.300
38.100
-18.500
38.700
7.900
13.600
37.750
44.500
16.300
-6.900
40.200
16.000
18.300
-6.000
38.800
-3.000
25.400


-21.500
-12.070
-21.200
-19.600
-20.200
-24.000
3.880
-19.000

-19.920
-12.000
-4.250
5.100
-19.000
-36.800
-20.200
20.300
10.300
-20.200
40.800
10.700
34.100
-23.700
27.700
53.600
-19.000
6.900
13.500
46.200
6.500
9.500
37.800
37.500
9.800
33.200
29.000
37.500
34.227
13.400
22.400
42.000
33.000
38.600
15.000
16.000
15.000
38.100
38.600
-31.620
27.100
-38.850
55.800
57.000
45.900
36.700
40.500
36.100
24.500
40.700
38.250
38.200
11.500
38.500
11.000
-16.000
-20.200
33.600
17.970
38.400
38.300
16.500
25.000
40.600
16.200
43.300
-19.600

8.520
8.567
-33.580
46.000
17.500
40.900
10.000
-19.600
-4.500
38.100
23.800
7.400
38.100
37.900
40.700
38.300
27.500
23.500
16.000
26.810
15.700
40.600
7.500
23.000
41.310
36.950
13.400
34.500


20.800
9.800
37.000
-2.500
41.900
2.500
33.500
34.000
8.300
99.500
42.700
12.300
-20.200
36.100
5.550
25.000
5.600
37.100
32.900
9.300
10.700
43.900
13.700
31.000
5.400
28.200
43.100
17.700
19.700
38.300
44.200
35.580
39.600
23.700
10.300
36.500
5.800
-34.500
38.500
-34.500
38.200
41.300
37.100
9.200
9.950
33.300
13.500
43.200
32.800
17.700
38.300
1.000
18.800
39.200
-7.000
6.800
11.200
36.600
-4.500
-6.760
36.900
36.500
38.300
37.100
5.400
-37.400
25.500
-9.000
35.500
48.000
31.500
21.000
17.300
-18.500
38.500
38.500
14.000
2.500
-15.250
-3.000
37.000
30.500
37.700
40.500
17.970
38.300
44.200
37.700
36.600
43.300
42.500
40.200
6.900
-17.750
41.750
30.500
37.200
41.700
41.200
37.100
6.000
29.400
42.500
38.600
38.700
8.500
35.700
8.200
40.600
37.750
38.900
-32.000
9.400
38.300
37.100
-8.400
46.100
13.400
40.100
39.500
40.000
43.900
33.000
-18.000
39.500
39.500
41.200
-38.800
23.500
40.667
37.000
41.700
35.700
16.800
37.800
38.500
36.500
29.200
17.600
19.200
38.000
-33.000
-8.250
39.500
64.000
40.000
37.000
-3.500
43.700
39.700
43.500
30.300
26.950
40.000
40.000
38.100
-6.800
24.700
16.720
16.500
-37.300
12.000
39.000
17.000
26.000
16.000
38.000
18.000
39.000
-11.900
6.000
6.000

12.000
12.000
12.000
18.500
36.500
38.200
39.000
38.600
12.000
39.800
42.400
52.000
43.600
-36.830
39.750
39.100
37.750
-3.000
37.250
17.000
-12.400
-21.970
18.000
10.400
60.000
60.000
60.000
37.930
-3.000
-5.000
53.000
31.900
31.900
33.500
41.600
-.030
36.500
-6.840
20.000
20.000
10.300
10.000
40.300
-10.000
58.600
-4.000
-5.000
4.600
-4.000
57.090
11.000
43.000
10.600
-2.000
26.000
36.000
43.400
43.400
45.000
39.000
27.000
40.500
-22.000
40.600
40.500
14.000
11.000
40.000
14.000
39.400
51.450
52.400
17.600
14.710
-8.000
-20.000
40.700
13.500
40.700
14.000
34.500
26.600
50.000
40.750
27.100
7.500
39.880
10.800
26.300
18.000
16.600
29.000
40.800
-20.000
15.000
48.000
14.000
-8.000
32.200
-3.000
39.100
39.100
-17.000
38.100
40.900
61.560
16.700
44.300
4.600
36.000

35.200
-20.200
-28.500
7.000
7.000
42.500
41.800
41.800
23.500
40.000
52.000
52.000
52.000
-40.500
37.750
30.000
64.660
31.200
-7.700
-1.000
23.500
9.200
9.850
1.000
50.730
-27.500
-15.600
33.000
40.200
26.400
20.300
-4.000
42.100
34.000
-1.000
37.400
49.000
49.000
42.100
45.000
38.670
53.000
44.500
42.000
42.000
29.300
40.250
-17.700
-17.700
38.100
11.000
36.100
37.300
26.600
34.000
10.500
1.000
3.500
1.000
14.000
3.900
41.100
23.600
24.500
19.000
23.400
37.670
-18.500
24.600
4.600
4.600
51.050
-33.000
9.000
-7.000
38.000
-2.000
-4.000
-22.000
6.500
15.000
43.500
56.850
-18.000
2.000
18.200
38.000
-13.200
3.000
17.000
14.000
13.500
-7.500
51.500
18.000
1.000
-2.000
41.100
52.590
59.500
28.000
38.500
38.133
-8.010
14.000
-3.100
-21.170
-2.000
61.000
9.000
-10.000
18.000
17.000
3.000
19.000
36.500
45.000
-14.000
26.500
38.170
38.600
33.000
35.600
40.200
-18.000
34.500
34.500
8.000
44.500
52.000
25.000
38.900
4.200
24.400
-2.000
43.200
-26.500
43.700
36.500
35.500
-15.500
37.900
16.800
35.400
43.200
30.000
37.700
40.300
17.000
32.000
24.400
-10.000
12.500
17.000
35.000
33.000
-4.250
25.500
9.800
10.000
42.000
-20.000
40.900
-19.000
36.000
40.900
16.800
35.300
-16.000
-14.000
-8.000
-8.000
4.500
4.000
9.000
43.500
39.800
14.002
38.200
41.100
31.230
51.800
-4.250
23.000
17.500
28.000
36.000
9.000
43.200
7.000
-20.000
60.500
37.700
40.400
17.000
38.000
64.000
20.400
21.000
40.500
-5.620
40.500
19.900
7.000
7.000
57.500
12.600
19.900

-29.000
46.000
-41.800
-3.400
5.354
26.800
9.500
-5.000
43.500
-20.000
39.600
-16.600
47.500
-17.000
28.400
-7.000
-19.500
-14.200
-18.000
24.150
31.580
-12.000
43.500
-35.000
-17.000
39.200
16.800
37.700
-1.829
39.200
-.200
-3.924
43.500
-15.500
37.820
-37.800
38.250
6.000
22.000
38.800
-15.200
42.000
23.600
47.000
11.300
-3.644
-18.500
32.800
53.500
38.500
14.000
40.500
38.300
-1.000
18.000
29.500
14.560
-4.739
11.100
-3.000
-3.000
41.000

29.500
48.500
11.000
53.300
33.000
18.500
9.600
-28.500
38.817
-4.000
-21.000
30.000
23.700
-9.000
46.300
46.500
10.460
24.000
23.900
-7.000
31.300
24.470
45.900
56.500
6.000
43.500
-29.200
23.200
54.790
42.500
13.820
-15.500
25.000
-3.000
28.000
42.500
-7.500
4.000
41.700
43.600
-29.000
14.600
15.000
14.000
45.400
6.500
23.500
33.700
-28.500
-3.500
24.500
26.900
5.500
45.500
20.400
18.500
18.500
44.500
18.200
-7.000
-26.000
34.500
8.000
-19.500
12.000
13.690
-18.352
40.500
-4.852
44.000
12.330

-16.500
41.400
43.500
-2.550
41.600
39.400
19.260
.870
-6.500
42.000
23.500
-38.000
44.300
-19.919
40.200
36.601
-32.700
40.500
44.300
15.000
19.700
.700
40.130
15.600
-11.000
3.800
43.200
-2.300
7.000
8.000
36.500
42.700
-2.500
-16.500
2.500
-2.500
-7.000
10.200
41.000
11.700
-3.300
10.200
9.000
44.400
-1.000
45.200
5.500
36.300
24.500
-16.000
47.000
-28.000
-28.553
36.500
32.700
-43.000
40.800
54.000
37.600
-.400
55.000
6.500
43.200
31.500
56.500
-28.750
43.700
-7.700
35.200
35.400
9.300
-18.500
35.100
34.900
37.200
29.200
-1.750
-4.500
-5.000
1.000
41.700
5.200
35.500
-1.600
49.179
35.100
6.500
16.000
39.700
-56.000
44.737
36.800
-49.500
64.150
8.500
40.000
43.800
-7.300
42.500
-7.300
-8.000
41.200
60.000
46.100
25.700
43.200
-18.500
9.300
43.200
-26.000
35.750
12.200
46.400
34.418
40.200
38.000
12.200
11.000
27.000
13.000
18.500
44.200
34.600
28.500
20.500
-10.000
41.500
36.500
-.700
44.600
27.000
-.300
38.567
38.500
-9.674
-49.000
42.600
40.700
-3.500
12.300
25.600
-28.000
-7.100
41.000
34.000
32.500
35.600
26.000
24.100
41.500
44.100
36.750
45.000
44.400
36.750
32.000
37.900
45.800
42.900
34.200
23.000
44.400
44.400
41.900
57.690
44.500
34.813
44.500
-44.600
45.800
25.200
-.700
55.663
42.900
44.200
49.000
17.800
38.800
31.600
-2.500
-22.000
15.670
46.400
38.100
-13.000
42.200
17.750
42.100
38.000
38.000
38.000
-13.000
40.800
-5.000
-19.800
40.000
12.400
16.028
-5.500
31.500
37.300
16.000
-22.500
-35.000
7.000
49.800
40.700
10.500
25.500
36.500
51.000
37.800
40.200
31.700
51.000
25.200
8.500
-41.750
-54.000
37.500
32.200
63.900
42.900
-23.000
44.690
52.500
32.200
40.400
35.800
36.000
38.600
12.100
17.300
38.100
26.800
-5.600
25.500
37.800
17.400
-9.300
41.100
30.000
34.030
1.200
25.800
38.400
-4.423
35.800
43.667
-4.050
40.500
35.000
40.300
18.200
43.700
23.200
23.200
-1.300
-24.700
-28.500
38.000
16.100
44.300
25.600
40.600
25.400
44.300
-39.772
-39.500
-39.500
41.000
40.500
-32.500
18.300
44.900
13.200
44.400
46.300
39.200
54.000
37.700
-3.417
47.100
29.800
42.700
36.100
-5.000
-10.932
-9.968
32.000
-12.000
20.000
30.100
-17.500
31.400
.500
36.600
12.000
-25.500
19.500
19.452
19.000
26.000
16.500
-3.570
-39.000
40.500
40.500
-32.000
10.500

38.700
39.700
13.300
31.800
-20.000
37.400
39.224
33.620
36.800
6.900
12.000
38.100
-5.500
31.900
29.500
42.000
-2.000
-22.000
73.122
32.100
-5.000
23.700
26.773
41.000
17.500
-40.500
66.000
8.000
-11.907
-11.139
24.800
37.919
18.500
15.000
-19.500
-4.200
37.919
38.200
31.800
40.500
35.800
36.300
36.300
24.300
29.400
39.300
24.800
29.500
24.200
35.000
24.600
36.600
1.000
42.900
43.000
-3.824
39.900
40.700
46.600
46.600
5.500
16.500
-9.800
28.700
98.250
1.100
35.400
4.500
22.500
28.600
55.000
33.000
35.200
-24.500
34.200
1.200
26.600
22.300
6.100
3.500
38.200
39.500
55.200
13.200
34.400
35.500
12.600
36.400
44.500
-21.500
-4.271
18.800
35.400
14.500
37.800
56.000
-9.400
17.300
-3.000
36.500
22.900
16.700
-10.500
13.500
16.100
-5.250
5.100
-3.000
-5.100
52.200
39.400
12.200
12.300
-6.000
21.700
-1.000
36.700
43.600
25.208
18.200
-.300
37.100
37.200
37.500
37.000
37.600
55.480
37.000
36.700
37.000
22.900
36.300
-36.250
38.500
-7.080
32.300
-27.000
-9.295
40.100
13.500
37.053
5.180
-12.500
22.200
24.400
39.100
-15.305
39.700
36.300
123.000
39.770
38.100
-31.000
42.700
12.500
38.400
23.900
41.700
32.733
-10.500
24.400
52.000
44.200
40.200
-22.000
-41.500
45.800
16.400
-4.175
40.500
33.500
38.300
18.900
47.000
23.600
12.500
36.000
39.500
31.700
39.700
32.000
37.417
8.700
8.500
23.300
22.700
23.100
13.500
-.750
4.600
124.000
-34.600
43.000
14.000
-15.000
41.700
-49.500
16.300
39.200
40.300
40.600
40.800
40.900
43.400
40.800
44.300
-2.100
-14.200
16.700
39.300
-30.750
36.100
43.100
7.500
-1.000
41.200
40.600
30.600
-9.500
19.300
-53.000
35.300
-22.000
-30.000
21.500
-6.000
41.000
54.900
40.000
-31.500
41.400
44.000
-8.500
36.800
-2.500
38.900
36.700
44.957
39.100
-22.500
39.400
-19.000
34.000
34.700
40.900
32.000
37.400
35.200
38.500
38.500
2.500
39.500
24.500
38.000
-6.000
32.500
35.750
38.200
29.400
53.492
39.300
49.870
-26.500
19.250
19.500
23.900
23.900
-4.500
-14.000
51.500
41.500
39.300
-8.500
23.100
33.000
13.200
33.300
-38.850
25.000
35.000
-6.500
-38.420
26.700
37.500
1.200
28.500
25.500
37.000
33.400
37.000
-10.500
43.800
10.500
35.500
-3.000
33.100
38.532
44.600
-17.400
54.500
29.500
-13.100
6.000
26.400
36.500
38.500
-21.000
37.950
27.400
22.000
-22.500
54.600
38.200
42.000
36.000
47.167
-38.000
27.280
5.000
39.200
38.580
-1.400
-1.500
-18.500
39.000
53.620
17.000
42.500
-5.500
30.300
33.750
-54.000
-54.000
17.000
27.300
-53.500
21.700
40.000
46.000
-8.000
-37.800
6.500
-15.000
-13.500
-6.000
7.800
10.500
-1.500
28.500
23.500
11.000
-3.800
14.310
-6.500
-10.000
16.500
-18.250
-23.500
-14.250
-19.500
16.480
-9.300
-3.700
9.500
13.000
-15.000
16.100
13.000
13.000
41.600
40.800
33.500
19.700
23.800
31.100
22.900
-34.000
26.700
39.900
-14.100
42.150
41.700
19.110
9.500
10.300
39.800
22.700
-18.500
35.000
30.500
35.333
28.300
39.000
36.500
52.755
22.900
10.300
28.500
18.400
35.400
-12.000
50.000
40.000
-4.449
29.000
24.200
-36.500
19.800
41.400
-19.000
38.100
38.300
35.000
-18.300
-13.189
34.000
-22.100
-3.400
17.300
39.000
-34.900
24.500
37.000
39.800
29.500
39.300
36.000
31.600
13.000
39.400
38.800
27.500
39.600
36.283
36.000
36.000
36.000
29.400
-8.000
38.900
39.300
11.460
33.800
30.500
-28.000
8.100
13.000
37.500
30.000
39.900
39.400
-30.000
39.500
44.200
6.500
26.500
37.500
.200
10.000
-6.900
32.200
26.600
29.900
-16.200
-5.000
17.000
-19.000
-20.000
47.500
-.500
12.200
45.500
40.000
-38.900
44.300
35.500
37.000
-15.000
35.100
36.900
36.800
22.200
-5.500
23.000
33.800
37.800
46.000
27.200
39.500
-25.500
40.500
36.200
23.900
39.400
51.292
55.000
-15.500
-4.600
33.400
36.000
36.400
40.700
38.000
-1.500
56.200
36.100
16.500
-23.500
28.300
5.500
-8.200
-20.400
-2.000
-21.000

45.500
34.300
-12.300
-16.500
36.500
1.500
2.000
31.500
25.000
-4.500
38.500
58.370
-13.500
34.400
-18.000
-33.785
49.300
36.000
22.500
-9.500
-50.000
44.530
44.200
44.300
44.400
37.500
44.500
-4.000
44.000
44.300
42.900
44.500
37.000
24.780
52.500
17.000
-20.369
53.900
31.800
35.600
22.180
-7.500
44.712
18.300
40.900
-28.500
39.100
37.500
45.890
36.400
38.750
-13.500
-15.750
-15.000
33.800
36.000
30.450
39.800
39.400
44.700
28.000
-.500
-37.872
-38.143
40.000
-9.400
40.300
-1.500
28.600
-3.600
11.100
-38.500
32.700
-6.800
50.016
36.000
36.000
36.200
24.900
43.200
31.600
-28.300
30.500
-8.200
38.000
34.000
39.800
36.700
10.400
27.900
24.970
8.900
33.500
27.730
29.600
-18.421
-9.849
42.900
46.338
36.000
-10.500
-59.500
-58.000
-56.260
34.330
33.600
-36.700
42.700
4.600
43.300
43.300
-37.800
36.000
8.008
40.900
23.720
33.600
38.073
-10.000
23.600
42.200
45.000
38.800
17.200
17.200
37.100
41.800
39.800
43.600
25.200
7.500
5.200
44.680
41.400
37.800
41.800
35.630
39.900
39.600
35.100
28.100
38.120
52.470
36.900
24.500
32.600
34.400
40.800
37.000
35.700
25.800
12.200
-8.200
46.100
47.900
33.200
42.100
28.200
-13.800
39.800
33.900
-10.472
-10.286
40.750
-10.385
44.426
44.770
44.772
-6.860
-6.400
-24.800
-3.700
23.200
26.100
38.800
61.017
5.900
45.300
-4.000
40.300
40.400
38.100
38.650
-15.500
18.300
47.159
35.100
40.300
-5.700
40.400
27.000
35.700
35.000
-2.400
51.290
37.600
-25.670
39.400
36.300
-31.810
-32.400
50.320
38.600
37.700
34.900
47.400
13.500
44.700
28.100
53.030
22.400
38.267
-15.800
-15.900
16.300
-42.900
43.900
27.900
39.200
26.100
26.100
37.470
39.100
37.350
24.100
37.270
.600
37.500
37.680
37.250
41.200
38.000
-10.343
29.554
38.500
38.900
44.750
28.700
39.200
37.500
4.600
24.000
10.800
27.500
43.830
-10.748
39.200
-25.500
-11.893
-12.334
38.400
48.100
30.200
40.000
2.900
-9.200
45.530
38.500
-3.700
5.500
39.500
35.500
40.700
39.500
6.800
10.600
43.200
-4.400
31.600
-10.600
24.500
-28.780
41.500
37.717
17.700
36.467
-21.700
12.100
37.900
37.800
43.586
-5.500
39.368
32.000
36.080
37.700
-.600
32.300
44.080
39.200
39.300
40.800
41.500
-41.700
-2.900
39.100
39.400
-5.600
29.800
-30.800
16.500
16.500
33.300
1.400
.200
34.000
39.100
34.000
41.800
33.900
10.500
39.200
15.500
26.300
-31.600
-3.400
42.100
37.100
-7.900
45.000
4.800
41.450
-3.100
36.017
39.200
38.600
11.900
27.700
40.700
32.200
39.200
38.200
-11.900
22.317
-6.600
43.200
43.600
39.700
-32.900
-11.700
38.467
-33.100
44.900
44.900
2.100
57.700
-.800
15.800
24.100
6.800
12.600
-9.900
57.500
38.600
21.700
39.200
15.780
39.100
43.000
43.000
-9.200
42.500
-59.100
-52.000
-22.280
51.800
38.800
32.200
37.800
-1.500
-14.095
44.000
6.200
-44.640
20.600
-4.907
-20.940
43.840
-4.000
-3.100
.600
42.500
34.412
36.600
29.800
28.300
51.400
37.600
38.800
18.000
-7.200
-25.500
-32.500
-5.500
44.800
-4.900
-2.700
41.400
36.300
28.900
30.000
46.500
46.700
46.400
46.300
-6.500
46.400
-14.100
-15.500
51.500
52.900
56.000
22.600
22.500
23.000
43.800
29.700
33.300
-6.800
28.400
23.600
13.400
-30.500
3.900
43.800
36.200
30.100
56.820
-6.000
36.000
46.000
37.900
38.300
-20.000
6.500
33.300
12.400
-30.600
18.480
31.400
-39.580
34.100
28.580
50.500
-34.130
13.400
11.660
10.679
4.956
19.936
43.200
43.300
43.200
35.180
37.660
18.270
-32.500
-60.820
38.900
30.570
38.460
35.180
-14.460
-15.120
-12.300
-7.500
38.600
-7.400
6.890
31.600
34.500
28.240
10.560
44.970
-22.124
45.140
7.750
36.000
-38.500
-.280
43.200
-12.270
17.300
28.000
35.100
42.890
-5.000
32.460
33.000
53.110
40.640
-6.700
27.500
-29.900
40.420
42.060
10.040
33.190
-38.180
35.997
43.024
21.490
36.320
-6.590
-7.104
39.439
38.474
31.599
-24.894
12.540
13.843
19.451
-16.265
38.628
66.160
-29.208
-28.427
44.915
15.324
14.767
36.610
41.130
40.310
.780
40.890
46.356
40.380
24.570
24.531
17.400
-4.603
-8.170
4.960
39.570
39.664
6.292
7.249
37.700
46.280
46.302
46.320
-4.517
33.800
39.120
36.510
-20.520
-27.953
39.000
-8.220
40.040
45.777
.450
16.770
27.610
38.560
-16.696
31.980
-9.828
-9.890
-9.844
-9.965
38.934
39.000
-22.878
46.290
-11.085
-1.081
7.340
-25.856
42.110
36.730
-31.030
30.950
34.809
-30.680
39.690
38.780
38.100
29.926
17.030
44.026
44.140
44.209
44.932
44.244
42.839
43.269
38.391
40.759
35.100
38.190
8.249
40.739

22.282
14.843
-26.510
34.350
36.630
48.290
33.386
39.350
16.010
44.592
32.140
23.247
33.897
-16.390
40.232
60.691
17.813
41.956
42.096
34.530
-8.299
42.255
-8.207
-30.812
-4.980
8.316
31.452
39.672
41.145
-1.679
42.812
14.321
-46.675
32.634
-8.254
13.833
-7.656
39.536
33.918
-16.760
4.805
33.962
34.033
1.598
-3.299
-8.390
38.815
37.855
43.530
-8.082
40.459
14.716
46.214
43.294
37.600
32.220
34.808
-12.410
39.269
40.113
39.203
-12.525
37.190
38.174
29.598
15.888
-1.948
32.913
32.834
35.450
-39.542
36.195
18.211
41.117
-13.347
40.914
8.045
34.587
34.503
38.640
-4.576
30.927
41.051
38.222
38.209
39.481
-13.144
33.133
-48.786
29.913
-13.166
30.013
44.849
-14.960
35.693
-33.134
8.117
18.048
23.686
29.856
39.243
13.752
46.975
13.158
6.946
-6.863
4.374
-9.265
42.158
17.250
-12.690
36.785
16.558
31.907
13.313
36.194
-12.597
-8.375
14.487
43.164
40.883
14.701
36.148
-24.133
-8.405
33.826
38.026
16.147
39.945
41.959
38.841
-4.056
-4.883
38.294
35.953
2.461
39.042
8.717
5.723
40.025
-4.843
14.926
36.219
40.462
40.249
41.346
9.652
40.324
61.031
36.948
30.349
40.142
35.500
55.867
18.231
43.246
33.941
-26.535
1.084
1.131
43.974
40.330
35.464
35.206
50.696
44.689
19.430
-6.852
-5.392
11.866
36.372
-2.823
34.616
-10.012
38.396
36.431
40.320
44.117
-4.647
37.320
43.260
41.765
41.831
42.967
31.448
17.984
52.878
32.386
1.761
43.314
35.789
40.885
34.006
37.013
40.545
42.375
39.155
56.200
24.641
-33.053
28.399
-33.132
17.013
-32.663
7.758
-34.131
-9.245
25.926
16.498
39.266
-5.599
-4.439
36.190
-9.159
39.431
-4.130
18.190
17.802
-9.829
41.581
15.299
40.301
36.460
40.310
-1.639
-13.987
11.725
-13.966
37.688
-9.505
-3.904
15.075
-13.410
32.128
37.993
51.520
41.431
29.627
52.327
24.125
10.597
-4.448
34.000
29.962
32.970
10.770
37.537
37.200
45.547
37.014
36.930
-30.546
13.827
37.931
27.727
-28.117
23.901
44.120
-5.494
43.274
-33.071
29.985
41.964
41.529
35.964
36.988
-6.088
-37.965
-24.388
.083
32.034
37.447
16.066
2.244
8.047
34.076
-10.717
-14.074
24.924
-19.022
-17.897
-58.893
43.242
-.978
34.061
-8.143
34.070
-17.940
-7.288
-6.266
58.586
33.082
-8.247
58.679
35.362
38.111
41.246
-19.847
-19.829
-24.753
24.688
57.262
30.890
12.376
18.606
-5.964
23.902
25.149
-10.258
29.974
26.755
-6.060
37.180
37.938
36.443
13.881
19.080
22.789
23.181
21.230
18.068
12.399
37.938
48.117
40.987
38.465
1.031
40.027
-4.346
-13.702
29.987
16.773
29.964
11.038
23.553
-52.341
30.167
21.861
1.134
19.362
39.112
34.942
-8.081
-4.511
43.522
11.766
-4.219
55.543
31.583
30.960
37.036
39.893
39.571
36.788
18.986
39.837
29.882
29.892
8.337
-32.967
9.755
34.706
34.140
-22.122
28.925
9.919
37.034
9.253
52.314
15.125
39.436
1.186
31.107
35.986
40.775
-40.296
5.121
5.358
-6.016
45.841
45.811
9.855
-6.062
11.760
47.869
27.398
36.957
36.636
-6.904
36.415
15.679
36.990
-15.355
47.963
-.059
33.267
-28.014
47.903
-26.390
37.093
35.121
28.251
3.908
43.853
40.854
37.300
23.916
23.722
41.004
9.869
-5.097
23.613
35.993
-9.929
44.885
48.268
58.427
40.386
39.887
-6.038
-5.982
37.457
36.416
9.685
39.597
42.453
9.542
42.565
5.865
42.461
15.119
39.984
1.196
34.262
-8.099
45.364
44.888
-15.679
36.520
9.737
10.045
40.235
-40.250
14.646
-9.094
30.780
30.666
26.323
4.554
13.887
36.924
45.498
45.533
18.000
35.106
-7.138
31.726
39.710
51.153
33.961
40.368
41.019
7.191
33.377
19.613
-11.122
34.201
34.203
36.705
39.419
32.536
42.142
29.087
11.727
29.134
-6.087
29.778
6.845
7.075
-8.480
43.300
23.027
32.104
37.634
-14.385
29.084
45.035
30.692
-11.652
51.218
-28.886
30.149
9.821
42.851
38.224
15.385
41.985
12.982
14.717
42.314
18.066
-5.889
28.723
18.120
51.934
39.263
36.028
40.330
34.213
1.015
42.762
.593
-4.967
30.853
29.096
19.803
-18.039
40.608
36.901
23.959
-10.477
-10.362
-10.777
24.511
-10.341
2.917
-13.841
-42.963
28.968
35.520
40.402
43.773
-1.258
43.905
13.525
40.741
40.525
20.524
34.583
5.050
-37.759
4.104
35.046
-4.183
37.925
-15.199
12.059
12.047
40.149
-8.452
-23.008
52.629
38.401
21.966
36.427
-23.340
-5.799
16.779
38.063
-2.750
65.170
-2.045
19.055
27.929
28.094
26.003
-28.906
28.826
44.663
.729
27.291
-.891
-9.593
15.978
39.993
-1.036
-6.518
40.774
51.564
51.478
31.555
-22.118
42.803
21.898
30.568
31.885
-14.993
31.789
41.026
18.219
40.956
39.474
37.661
29.976
38.075
39.422
34.872
31.920
39.513
39.537
39.527
-12.584
11.112
13.986
33.825
36.411
23.083
33.938
10.598
-26.857
4.358
43.048
43.084
-3.776
31.959
-22.101
-30.933
35.069
37.570
22.212
1.241
54.841
41.083
14.374
15.883
37.075
36.479
30.154
39.977
-62.877
43.164
32.457
46.245
22.306
-17.731
37.388
37.106
36.878
38.650
38.717
23.407
-2.943
-.593
39.660
-8.194
44.209
41.925
33.199
27.791
27.308
-2.071
26.373
4.461
42.962
38.193
34.259
28.343
41.131
30.512
-16.660
29.501
40.802
18.386
18.324
15.782
21.544
40.760
40.711
38.119
40.709
23.772
23.738
16.059
34.594
23.445
-13.640
39.899
40.744
40.758
24.589
36.920
-16.423
40.459
40.358
15.766
-6.845
35.321
22.132
40.498
25.607
35.288
-26.288
22.338
34.220
-1.105
38.164
24.223
-4.721
40.693
26.856
-4.612
23.843
63.966
-13.802
63.980
34.221
11.884
-6.675
34.319
20.253
33.901
48.786
25.826
38.379
-7.977
35.456
37.542
7.042
-3.980
-5.233
-5.496
40.245
39.566
38.457
6.898
13.049
23.419
13.671
29.513
47.149
34.083
13.605
27.689
35.169
-16.265
37.238
-16.086
-17.543
24.455
39.059
-14.258
34.059
52.630
12.686
-4.102
26.316
35.946
23.954
23.632
-17.600
38.673
-3.212
-19.384
-1.684
18.194
38.573
38.773
28.093
32.319
36.502
6.033
36.062
23.346
24.279
-29.670
39.959
-27.535
44.513
42.436
34.642
41.765
13.088
-2.907
-28.937
25.842
35.626
50.889
7.929
30.916
14.101
-1.196
-21.696
-23.884
30.200
35.701
39.770
38.381
-3.302
13.036
-1.680
52.520
16.870
31.995
47.832
-1.757
63.514
-1.884
37.670
41.789
35.517
2.824
63.517
35.414
-14.490
37.747
39.736
34.594
39.570
35.704
29.590
-10.491
18.770
-8.807
43.883
39.500
43.897
12.171
12.168
34.310
48.342
39.610
39.483
-6.983
48.210
-8.294
27.264
38.221
37.529
34.494
39.007
39.430
36.964
38.849
2.354
36.939
36.870
39.893
-30.608
35.476
28.355
-2.598
25.975
38.432
38.111
38.019
22.854
-60.532
1.142
9.355
39.160
43.770
29.573
-45.104
44.329
34.998
19.917
19.777
41.815
50.038
50.000
-43.340
50.211
35.457
19.761
25.954
38.400
37.812
34.712
27.372
51.146
12.025
27.283
42.905
-8.137
23.039
31.953
43.083
35.706
8.416
28.995
-22.107
-8.310
17.488
48.758
36.852
27.695
-3.120
8.358
-3.615
-4.003
31.675
34.774
-.466
-1.559
-3.393
35.142
37.136
45.382
39.930
39.847
36.512
-1.549
-8.669
-9.362
24.081
-37.695
37.506
29.881
30.126
9.926
36.290
47.311
27.836
-38.854
39.766
46.296
34.890
-38.000
33.426
39.634
36.833
27.266
38.377
33.070
33.184
-28.573
34.682
54.841
35.819
11.989
37.125
24.530
25.073
37.226
37.284
45.787
49.277
35.945
37.396
-8.152
4.695
32.023
9.602
15.679
33.297
-46.676
45.626
-3.609
43.006
36.848
10.490
48.115
36.865
42.900
24.757
44.119
37.042
-49.312
3.316
37.103
34.064
-41.223
-1.198
-1.364
22.526
37.622
37.910
-7.037
15.775
41.728
24.550
30.754
30.378
-26.913
39.440
27.095
39.354
17.145
17.072
33.807
2.085
-1.644
-19.987
41.301
1.819
-1.174
42.389
-9.948
35.498
7.920
46.827
45.365
39.437
26.569
9.985
28.850
23.627
-19.780
17.398
38.276
30.924
17.067
-4.539
12.471
-5.678
-16.635
34.539
38.152
-.507
23.604
-5.852
38.107
29.695
38.260
26.774
-6.224
36.357
30.476
38.804
36.311
-5.473
27.382
41.708
-21.324
26.912
28.120
23.777
33.129
-3.595
36.623
27.574
3.462
33.500
44.624
22.868
34.600
23.322
37.640
31.607
60.949
-20.187
8.898
30.790
-5.575
-7.961
26.759
37.605
-14.520
33.129
40.270
33.068
-9.254
27.995
37.255
-33.131
38.246
45.840
28.012
26.319
-16.592
10.876
10.814
19.878
-13.457
31.560
43.469
46.592
42.990
48.195
44.229
-3.728
2.520
-8.251
47.580
18.901
.626
26.880
42.156
21.799
47.449
39.803
37.021
33.259
46.243
39.592
1.065
6.614
38.318
-.493
2.082
33.490
-20.617
37.336
38.340
-8.466
17.302
34.807
41.172
-45.243
51.085
45.394
20.504
-1.065
23.028
13.554
34.437
-3.987
37.570
42.913
37.804
38.936
30.881
2.872
-15.595
47.116
51.307
39.465
-5.968
-13.386
39.464
17.200
28.154
-11.610
-7.783
2.982
-4.438
-2.625
22.013
-49.418
-44.785
35.304
37.434
21.181
9.721
22.150
-22.247
-2.312
31.680
-8.277
28.555
14.944
-15.048
-25.996
-32.689
-39.011
39.417
39.446
40.288
14.129
-.795
35.616
22.761
1.011
-2.296
23.433
32.456
31.730
-2.404
33.327
2.768
41.153
-2.486
53.403
-3.700
23.330
35.490
-12.178
-20.071
13.564
38.452
39.520
-19.941
33.860
36.158
31.002
-3.910
4.330
32.570
8.423
32.710
64.004
35.883
24.702
37.963
39.030
-10.368
35.500
53.882
-15.986
37.552
39.802
32.747
33.953
32.036
32.756
10.514
12.897
25.051
25.044
-39.715
30.901
-52.533
51.607
26.272
37.507
-3.935
26.743
41.892
17.438
39.533
29.807
43.372
30.639
30.598
37.565
1.271
8.267
49.914
26.990
32.518
-32.938
23.970
23.970
36.401
-.414
-.691
10.165
46.857
-11.779
3.884
34.204
40.657
-23.046
22.399
13.452
42.334
42.275
27.143
34.185
25.212
25.292
33.198
41.303
16.720
-17.026
-17.757
44.724
9.590
25.632
-45.762
31.158
29.358
14.099
34.743
-1.479
37.696
25.280
-7.782
42.660
10.705
6.513
-9.138
27.332
-38.280
-15.489
-.720
-2.515
-13.006
-12.517
-.962
36.517
27.262
25.962
27.334
-8.207
10.434
-26.414
-9.948
17.109
34.921
23.796
-10.108
32.437
27.319
38.245
-8.743
-8.799
-9.019
-7.907
40.652
18.457
10.454
32.450
25.558
30.268
25.523
25.930
-36.122
-24.872
22.918
38.864
-34.290
13.667
32.297
2.383
33.165
35.633
-30.794
30.099
-18.058
3.748
35.900
18.400
16.591
7.881
32.700
-2.174
13.197
29.872
45.880
16.396
27.022
6.486
35.217
-17.541
-1.266
12.484
35.490
27.197
-43.522
-43.570
-40.433
-43.598
23.407
29.647
33.869
-3.487
43.760
33.370
30.178
7.521
35.827
28.412
26.901
-19.702
-43.550
30.160
-19.157
28.777
24.693
24.618
-36.474
38.947
-43.583
9.457
38.435
24.719
38.297
36.281
38.058
20.687
29.698
38.276
31.373
37.001
-4.586
37.699
39.120
43.015
-43.564
25.075
52.050
32.447
-29.539
38.034
40.081
24.932
39.955
-18.365
-18.311
37.063
37.936
52.171
2.965
28.724
27.730
14.186
21.211
-28.993
38.722
-14.438
27.449
-.130
43.648
35.532
7.904
35.531
38.429
24.955
13.297
38.310
-41.364
17.844
-43.490
51.842
36.288
-14.168
-17.827
9.999
22.661
31.428
12.354
40.887
10.037
16.493
-35.200
2.327
.802
-18.972
-32.625
32.747
41.549
26.175
38.612
-17.678
-16.764
44.890
44.831
42.645
44.851
-7.692
36.420
36.023
37.294
27.767
43.433
32.978
2.707
-9.694
38.329
49.800
-1.315
12.139
10.811
10.085
27.575
23.739
52.788
13.988
23.005
40.411
33.506
37.890
55.393
4.927
-10.799
-10.928
1.135
55.150
27.226
-15.748
25.980
40.119
23.828
28.428
15.520
34.369
28.033
33.958
31.817
46.221
30.308
34.526
33.061
26.560
36.703
54.892
7.275
23.789
54.263
-8.305
4.645
-8.803
36.534
-41.704
34.512
38.753
-41.767
16.917
28.229
14.643
26.971
-15.851
27.263
35.487
9.866
5.067
37.149
-60.296
29.363
27.150
19.001
-40.634
-7.976
38.169
26.579
38.292
35.922
-30.679
33.684
-19.925
33.932
-19.642
-20.400
28.155
12.514
-11.315
-11.451
12.176
17.552
-6.720
19.703
17.385
26.387
49.915
40.977
40.305
24.976
-30.118
51.797
14.742
37.040
58.358
17.842
36.851
27.245
-26.986
-.076
28.182
32.739
38.220
6.881
-13.814
23.386
-32.115
12.526
1.928
30.343
36.640
23.336
39.830
-16.431
23.663
44.520
44.107
34.658
44.126
33.179
-4.760
24.194
28.147
31.594
-5.465
27.837
27.831
5.987
26.642
37.468
-9.303
-10.444
33.884
52.376
-2.683
8.237
-2.102
-31.573
-.631
-25.420
36.441
8.477
-29.439
30.991
38.755
-10.047
-10.548
38.258
36.500
24.834
-3.863
59.658
35.741
22.939
-4.908
36.472
32.782
.382
-16.074
32.038
.465
1.295
38.883
18.515
-8.218
-22.495
-15.613
-55.279
42.714
20.919
-37.401
-1.030
42.012
35.769
-2.650
34.905
35.374
42.934
42.855
35.984
-42.757
37.392
11.960
27.806
51.613
-15.294
5.281
-10.665
-10.730
-4.509
.816
-43.416
24.015
-19.326
28.200
42.601
-6.214
25.216
9.911
17.415
35.800
13.725
13.753
-33.073
5.516
59.844
37.659
37.777
38.765
-1.289
