LONGITUDE
35.500
58.200
35.800
25.400
35.300
25.500
35.800
35.500
35.000
35.500
35.220
22.500
35.370
23.500
23.300
22.500
22.700
51.800
22.250
25.000
25.000
71.000
27.000
22.500
77.500
28.300

25.500
-7.170
8.500
-10.500
25.396
103.900
105.600

119.000
36.600
-10.000
19.500
41.000
28.500
104.700
34.200
35.500
32.700
104.600
33.000
34.000
58.300
27.400
27.300
22.200
72.000
126.500
28.900
34.200
112.500
68.500
36.100
24.300
25.000
19.300
29.200
25.100
14.500
32.000
14.426
126.500
26.700
129.200
27.000
34.000
36.100
29.920
129.200
105.400
103.500
28.000
105.300
28.500
24.500
120.000
26.650
15.000
99.500
11.000
25.500
27.200
12.450
30.000
116.800
116.000
129.100
35.100
35.500
105.300
14.500
19.300
36.100
36.100
36.100
19.500
14.500
26.500
114.300
19.400
35.500
30.000
29.700
29.900
21.500
35.600
29.500
23.000
29.700
29.000
29.600
14.800
-10.830
36.100
36.100
29.000
10.067
34.200
34.900
46.500
25.500
29.000
28.500
25.000
28.400
36.100
36.100
100.000
4.300
29.000
29.200
35.500
118.800
76.500
125.300
129.100
113.300
21.400
21.200
19.300
36.100
36.100
20.800
36.100
37.200
27.800

22.300
35.500
37.100
35.500
27.500
28.980
36.100
27.600
27.600
28.800
13.500
36.100
15.300
36.000
36.100
36.100
108.900
15.000
46.200
111.500
54.000
129.100
43.500
134.000
27.200
135.400
136.700
36.000
28.900
36.000
105.600
45.500
29.300
38.000
48.200
52.200
130.500
136.900
135.300
35.500
36.300
43.500
34.200
59.300
130.700
115.200
12.200
111.400
129.100
109.400
11.000
25.000
12.600
11.900
35.600
-2.800
102.200
66.200
139.300
112.600
36.000
71.300
-2.500
36.300
43.100
36.100
14.200
36.300
42.080
51.200
139.900
44.600
14.500
10.100
3.100
45.000
51.200
44.600
10.200
54.300
22.900

44.600
46.200
36.000
44.500
51.200
44.600
138.000
46.200
51.200
29.000
143.800
47.200
105.900
-6.000
31.100
138.100
135.300
48.300
44.600
11.000
22.900
12.600
51.200
44.200
47.800
136.700
64.500
51.700
58.300
37.100
58.300
48.400
44.800
51.400
51.200
44.200
15.000
36.100
52.200
52.300
14.800
43.100
14.800
36.300
112.000
119.900
14.500
110.000
109.000
11.000
6.000
43.300
44.200
52.348
29.500
-21.000
7.600
113.100
131.800
35.000
126.300
119.000
112.900
27.300
10.000
46.200
46.300
39.500
43.500

58.800
50.300
116.300
44.700
35.500
28.900
29.700
15.100
58.000
58.000
116.500
34.950
116.100
31.100
43.300
38.000
28.500
41.100
49.000
44.000
15.300
43.200
143.000
38.200
36.100
137.500
135.500
59.000
112.600
62.100
36.100
36.100
43.400
38.500
12.100
36.100
55.500
39.000
36.100
11.000
11.300

50.000
103.700
14.800
43.100
44.200
43.100
15.100
46.300
106.300
44.400
36.700
-9.100
20.100
8.100
36.500
37.200
36.300
38.350
35.500
-20.000
15.030
37.200
35.800
15.000
51.200
65.500
50.000
36.100
15.100
36.700
-21.000
36.500
16.200
15.300
36.000
118.400
57.600
60.000
111.800
58.800
31.300
106.200
33.000
10.220
15.900
106.300
5.300
28.600
13.800
12.200
19.500
58.400
19.300
139.400
13.000
85.300
144.000
139.500
12.500
58.800
39.500

46.200
19.700
15.800
44.200
-6.100
11.000
12.000
58.500
15.200
15.200
58.800
43.200
36.200
2.500
116.500
7.800
119.300
52.300
111.500
34.900
139.400
9.500
9.500
12.900
15.200
12.900
56.000
53.400
26.000
111.700
45.500
113.100
106.100
56.200
25.500
112.200
46.000
113.800
13.800
44.500
-10.700
14.700
102.700
13.000
15.004
135.200

56.200
59.700
115.700
35.500
111.300
34.300
139.500
36.300
15.000
105.800
51.700
28.800
-9.000
11.300
7.600
118.200
13.500
13.500
43.000
113.000
105.300
12.100
27.000
36.400
-9.000
7.600
43.200
3.000
136.200
55.900
15.600
135.000
115.300
3.000
49.700
112.500
118.800
-.300
8.400
45.100
20.100
51.200
26.200
26.300
126.300
17.700
15.200
45.100
58.500
58.500
58.800
26.500
64.400
15.200
7.200
15.200
54.300
49.000
37.000

136.500
37.100
58.800
138.400
36.000
136.900
36.100
12.100
15.000
15.600
28.900
43.200
2.200
4.400
-3.600
139.500
103.300
53.100
46.200
43.200
19.100
27.900
42.200
117.600
12.600
138.200
18.100
7.600
7.600
126.500
20.700
39.500
14.500
34.200
34.200
40.400
16.300
13.400
13.500
43.200
-5.600
20.500
18.100
-71.000
75.200
101.600
17.600
28.000
99.900
15.900
28.000
28.000
18.100
56.900
40.400
57.900
27.500
116.500
49.000
49.900
108.900
103.900

67.100
27.000
-9.000
27.000
59.800
27.000
103.800
7.000
7.100
25.500
105.600
139.500
16.100
137.700
-62.300
138.100
135.200
103.000
103.100

110.100
25.000
16.100
115.300
-69.500
10.200
-5.400
18.100
69.200
110.900
14.200
102.500
25.100
15.700
121.500
28.100
14.100
26.600
10.500
135.400
137.600
14.500
13.433
13.400
100.000
98.500
9.000
-72.300
21.000
99.100
100.200
100.200
18.100
18.100
26.600
102.600
125.000
-1.500
100.300
136.300
-74.000
-2.500
-96.400
73.200
46.200
18.100
-64.200
-9.100
117.500
116.400
102.100

14.100
-99.100
102.800
-88.500
-64.200
-99.100
11.300
15.300
-70.500
-64.200
139.000
111.700
35.500
-27.300
59.100
46.000
15.100
-9.100
105.200
-71.300
128.800
-77.600
22.800
109.700
13.700
29.000
29.000
-78.600
103.200
102.700
106.200
14.700
112.000
15.500
-73.500
18.800
-70.300
7.283
-90.700
-90.700
54.300
-77.300
119.000
109.000
-103.500
-73.000
11.400
102.700
104.000
-104.000
6.200
14.800
51.400
-78.600
-73.200

98.600
-77.000
-83.880
99.900
-2.970
1.309
-71.500
-71.600
-77.600
14.100
7.000
7.000
7.000
-77.800
136.800
100.300
-77.700
-90.735
-80.500
-78.500
-8.000
102.800
52.300
138.200
-4.800
103.900
14.900
-78.200
16.300
15.500
-72.900
-25.500
.100
-76.000
131.700
-9.400
131.600
-9.400
121.000
-70.900
-70.800
117.200
121.000
121.000
8.500
140.500
-92.500
-96.300
-70.940
119.500
-71.300
25.500
134.900
138.500
110.500
102.800
-96.300
50.500
18.700
18.700
18.500
99.000
-77.400
16.300
-71.800
7.500
122.000
-99.100
111.300
-99.100
140.000
144.500
58.900
20.800
25.500
127.000
14.783
25.100
-27.000
-24.100
112.500
138.000
35.500
139.700
-70.000
-70.350
8.400
142.000
144.500
37.100
111.900
72.900
7.300
9.500
58.000
-96.300
-79.038
130.600
121.600
14.600
122.500
71.400
116.700
-79.300
21.000
-103.000
10.300
10.300
106.300
11.800
-4.600
20.800
16.400
114.200
14.100
105.500
-78.500
15.350
121.600
15.500
114.200
123.700
25.000
129.900
12.300
104.100
20.600
-77.500
129.900
41.700
104.300
107.800
111.700
14.426
18.400
139.200
-73.800
21.000
46.200
105.300
115.100
107.600
20.300
20.300
-2.200
123.700
16.283
16.750
50.000
18.100
13.300
-71.400
46.300
-78.600
5.700
16.530
140.680
117.000
15.500
121.700
-78.500
46.100
-66.700
116.500
22.700
111.100
140.600
129.500
-72.500
8.000
-73.000
140.100
-78.600
121.000
121.000
43.200
10.317
28.980
15.800
141.700
-75.000
-70.600
140.000
43.200
14.900
-86.800
121.000
15.550
140.000
126.000
46.200
-72.000
25.400

47.700
100.500
28.200
121.600
105.500
13.600
3.600
-76.600
25.000
-77.600
35.850
-77.000
.600
-73.030
103.600
-70.700
128.000
-76.800
115.700
-79.000
21.000
120.600
140.000

16.300
129.125
22.400
.200
-78.500
-2.970
10.930
120.200
12.000
-78.400
-96.300
136.000
132.000
25.000
-70.100
-86.600
-75.800
127.100
112.700
46.300
25.000
52.000
121.000
138.000
136.800
42.500
50.000
18.100
-98.000
57.500
27.100
48.600
125.500
-77.500
46.200
-71.050
68.000
27.100
118.600
126.000
48.600
15.000

11.400
122.500
126.500
141.000
53.600
48.600
134.700
12.583
26.000
25.500
-69.500
127.520
128.000
59.300
127.520
20.000
127.750
128.200
-79.000
121.000
132.000
144.000
104.800
141.500
120.500
-76.500
50.000
-75.500
58.400
-79.000
142.000
44.700
117.000
43.300
119.500
101.500
137.600
-4.400
-70.350
129.500

6.500
-75.500
-96.300
112.700
54.300
44.300
-71.000
-77.500
59.400
-70.700
-76.500
-78.600
16.550
-76.867
-76.500
12.000
68.000
14.750
99.900
26.900
26.900
44.700
-78.900
10.900
-61.500
13.800
-70.400
-76.700
-64.800
44.300
15.167
-82.400
121.500
139.500
15.700
12.200
111.500
12.100
44.600
21.000
-99.200
-78.700
-78.700
131.700
15.300
-76.600
120.600
-125.000
129.300
126.500
-72.400
-97.000
14.500
-61.000
13.100
13.200
56.200
8.917
140.000
55.500
139.500
116.500
106.800
20.800
-70.200
-21.200
14.600
-72.000
137.800
134.800
43.000

137.000
5.800
128.150
105.300
129.900
111.300
133.000
-103.700
129.000
.100
134.000
103.200
103.700
138.000
-96.300
21.700
95.967
21.730
43.900
-70.800
131.700
43.200
3.000
-71.200
-76.000
-114.000
3.000
120.993
80.300
142.700
15.200
-66.400
105.200
29.400
-8.000

115.500
77.500
-26.635
120.300
-26.600
9.500
120.300
14.400
121.500
46.700
120.200
20.600
106.829
-7.600
20.500
-79.000
-70.800
103.100
118.500
-72.700
101.900
136.000
13.350
-99.100
127.300
13.000
-61.000
46.300
121.000
137.000
10.100
13.000
-28.000
-71.500
116.200
142.200
121.400
15.500
140.600
-102.000
-9.400
-99.900
15.150
140.800

103.100
39.000


-76.500
121.700
120.300
-78.600

158.000
163.000
157.000
-74.000
104.200
24.400
96.600
106.500
21.300
-73.200
-104.000
-31.100
142.300
-96.300
19.800
12.600
20.500
21.000
-73.000
104.000
21.000
157.000
121.600
20.300
124.300
-73.800
121.000
-77.198
123.200
-70.350
101.900
-.650
103.600
22.100
101.600
106.100
120.993
-103.300
.800
23.000
102.900
24.800
12.250
-64.200
93.400
-103.300
-76.500
138.100
-71.630
99.900
27.000
12.800
-70.000
-72.300
-70.700
9.000
-72.300
-8.700
36.000
21.000
34.200
120.993
128.500
-99.200
31.000
128.500
102.200
102.700
21.900
-78.500
51.500
-10.000
-70.300
-5.000
8.000
-9.000
-78.600
-6.800
17.400
-28.080
16.200
-6.320
15.000
107.000
10.200
-26.000
7.300
20.500
24.000
-102.300
35.500
35.700
-75.500
-13.000
102.500
102.500
90.000
92.000
138.700
143.500
142.500
142.000
18.200
130.000
102.800
-85.960
-9.200
-89.200
105.000
-71.617
140.700
29.000
54.300
-76.100
-76.300
20.500
-61.100
-64.170
-89.500
-61.000
20.200
16.200
121.000
113.550
152.800
127.500
12.000
15.200
44.500
52.300
132.000
20.800
105.500
9.500
20.650
142.000
-73.400
99.900
120.980
102.000
121.000
124.300
-76.500
20.000
142.700
4.800
-5.830
-90.700
-90.700
8.700
-55.000
-52.300
-76.000
-72.400
128.200
15.900
-72.400
-70.300
-70.400
-99.200
120.600
-5.400
-103.700
51.300
27.000
51.300
46.700
46.200
151.200
18.800
-78.100
25.800
13.500
-77.300
43.100
120.500
139.700
17.100
15.967
15.633
16.200
15.550
16.300
30.700
16.467
16.300
-70.400
16.400
15.633
-99.900
-96.300
-72.000
39.500
-72.300
-20.500
.300
21.700
98.000
-74.000
19.800
15.200
102.100
80.800
-71.200
-98.500
-97.000
-66.400
-66.400
122.500
122.500
-77.920
-153.000
-161.000
-61.000
1.700
102.800
12.200
110.300
-.600
162.000
117.700
163.000
135.400
16.100
20.300
21.000
46.200
-91.500
-2.970
130.300
140.600
120.500
162.000
101.500
-152.000
139.950
144.000
-72.300
101.500
-31.100
51.400
-64.170
-13.400
-96.300
-61.700
-72.700
35.800
13.900
-70.350
119.500
-78.670
99.000
-64.100

-82.900
11.200
23.000
-70.350
-2.000
136.600
13.000
13.100
102.400
-73.500
67.200
-77.000
-99.100
53.300
-17.100
-96.300
8.600
-62.400
10.000
-64.500
128.200
26.600
2.900
138.300
100.600
77.500
21.800
-2.833
21.800
139.950
-2.400
-64.200
-74.600
14.700
52.400
-119.700
-103.800
12.700
-77.100
7.250
-2.970
134.800
53.300
50.000
-78.500
18.450
53.000
143.300
25.000
-16.600
139.900
-82.200
45.200
121.300
100.300
123.900
-71.670
-90.400
-90.400
-89.600
-89.600
83.000
12.450
5.700
-66.900
5.366
-76.800
139.600
-117.650
-119.900
-75.400
52.600
123.900
114.400
.400
102.500
123.633
128.400
-96.300
121.200
111.200
115.000
25.750
20.500
96.500
-91.500
100.700
-75.100
6.800

22.250
15.000
8.033
101.500
-103.600
23.300
-99.100
14.000
117.000
102.300
.020
-70.300
-70.300
-71.500
11.800
71.000
12.850
-164.650
20.500
-99.600
113.800
52.500
21.250
119.000
-64.200
53.500
11.600
21.200
-2.970
-5.700
-72.967
26.600
-83.300
104.600
36.000
36.000
-72.000
-71.630
-64.100
14.700
-79.000
20.750
-63.800
53.300
108.500
18.200
-61.100
52.500
-76.500
51.600
52.400
-62.200
121.700
121.250
-61.000
20.750
-74.100
2.800
143.300
-61.300
52.500
52.600
142.210
-73.900
-75.500
166.500
111.100
36.600
158.500
74.300
-76.400
-61.000
13.900
-77.809
129.900
74.500
48.400
120.900
139.500
119.000
104.100
-.900
24.500
24.500
-71.630
117.900
118.500
26.100
120.900
-96.300
47.500
47.000
54.300
52.100
114.200
136.000
120.900
27.000
7.800
-59.617
15.700
116.800
-71.000
-61.500
178.000
12.600
71.000
17.000
19.900
-99.900
-71.300
80.100
85.500
103.000
-71.010
100.500
139.150
-77.000
141.400
9.400
-77.100
-99.900
103.000
-74.200
35.600
143.300
-70.900
107.000
22.300
87.100
97.000
-73.030
7.800
141.900
35.500
16.300
128.200
118.700
16.600
-122.000
-70.300
15.800
118.700
35.500
10.500
-64.500
-99.880
-66.600
103.700
96.000
-99.150
-74.000
-105.000
118.500
26.600
-73.100
-122.400
34.500
96.000
-61.100
99.900
99.900
-89.200
96.000

-64.200
145.000
120.400
6.100
110.500
-77.300
127.325
123.900
44.400
14.700
21.000
-75.200
158.000
-25.300
-84.000
130.000
127.500
50.000
70.500
22.300
-72.200
93.000

89.250
39.800
98.000
44.600
114.000
-62.200
77.000
44.900
146.000
175.000
27.500
-71.300
-66.800
51.400
34.800
48.000
-61.100
-84.000
-66.000
124.850
39.000
-74.500
120.500
-96.300
-100.600
-70.400
68.367
175.050
26.200
14.500
126.500
-70.350
142.500
22.000
-76.800
15.300
10.600
93.000
-71.270
138.000
-77.100
152.000
30.500
-96.300
-71.180
-71.180
93.667
108.550
-9.200
15.200
-2.970
-96.300
-149.900
174.500

174.000
120.500
143.300
-72.300
-71.600
166.000
166.000
-71.370
17.700
102.300
104.900
8.000
20.200
-75.400
28.800
-71.420
62.300
-122.400
-61.400
-70.350
15.700
19.700
19.700
-122.000
55.000
105.500
-96.300
68.800
58.400
-25.300
105.200
-75.800
41.300
120.500
98.000
128.200

129.750
-77.100
-115.500
-100.000
-28.400
130.500
121.100
-121.000
139.500
15.200
52.500
15.200
-64.200
23.500
127.600
154.000
-175.167
123.000
-104.400
128.600
-100.200
-152.000
16.300
-89.200
-96.300
-119.700
11.800
136.000
-.100
20.500
-83.000
-83.000
45.030
127.400
-122.400
137.900
135.000
107.100
7.900
175.000
-96.300
177.600
29.100
-96.300
-124.200
121.000
29.100
29.100
19.500
-118.100
127.300
7.900
-71.700
5.700
-85.960
-122.400
137.600
139.800
134.500
121.600
6.400
108.100
-8.000
-96.300
-122.300
125.500
12.400
108.800
116.000
-88.000
5.700
5.700
143.500
26.000
26.250
31.700
-119.000
42.100
45.300
147.000
115.500
1.300
138.300
16.400
29.000
45.400
125.200
125.200
16.000
18.800
166.000
23.000
137.500
137.590
-71.400
-96.300
-99.100
95.000
20.000
23.200
127.500
20.100
-9.000
-122.000
126.000
-78.500
11.300
41.300
48.500
126.500
129.900
125.500
25.800
13.100
-87.810
-122.300
130.500
-70.350
111.000
145.320
-89.800
124.900
-73.350
20.100
-77.100
121.000
128.500
97.500
98.000
-68.800
-73.400
97.500
-77.900
41.550
12.000
97.500
-122.000
121.700
100.000
142.000
22.200
106.700
121.000
20.500
19.300
-117.200
120.000
.400
59.000
30.500
-87.000
111.500
48.200
106.700
28.000
100.100
121.000
6.200
121.000
109.300
26.250
168.500
141.500
87.600
29.100
47.600
30.550
48.280
57.000
-72.530
135.000
-53.700
-97.500
45.980
-77.100
44.260


-122.500
53.100
110.300
15.100
26.200
-124.500
-121.900
123.500
-173.500
19.500
-98.000

25.300
23.000
19.300
85.300
-152.000
20.100
120.600
2.700
20.800
20.200
26.400
-64.300
44.900
110.400
22.200
-64.100
-65.100
-64.300
121.910
56.300
-65.100
-155.500
69.600
-101.000
41.700
-161.000
-100.500
-99.200
91.500
-99.900
-71.000
-63.100
-71.000
-77.720
-78.180
15.133
-73.200
-72.500
-71.700
173.000
43.800
-122.100
117.800
-73.000
92.500
-73.000
-73.400
-122.417
-122.417
-72.100
-73.300
-77.100
-70.200
85.300
-71.400
19.300
123.500
-73.900
-70.000
-70.230
121.000
35.000
5.900
28.000
20.800
99.000
-68.900
-96.300

-90.383
-86.600
-69.500
22.500

22.500
16.300
16.280

125.400

-76.400
-94.500
-157.000
124.673
-124.200
-72.500
-73.900
-71.700
-64.900
-77.000
123.000
-64.600
-70.200
124.200
58.300
-73.000
58.300
-71.500
119.000
48.700
20.300
132.000
-118.100
-96.300
36.200
-.400
48.000
-168.500
47.600
-71.530
23.300
121.000
142.210
27.000
-89.130
-89.000
12.400
-71.160
13.700
4.700
-79.530
23.300
-70.400
-124.000
146.000
-66.600
-65.100
-100.200
38.800
89.000
120.600
-63.100
122.000
-90.700
69.000
-103.400
-105.000
168.500
21.800
30.200
168.000
29.400
-72.500
123.200
27.000
33.400
120.300
108.300
26.400
38.500
-66.400
147.000
30.500
127.250
99.400


-70.500
-77.150
-70.100
-70.200
-70.100
-71.000
-77.080
168.500

-70.335
-77.000
152.250
-75.500
168.500
-73.000
-70.100
-103.400
-66.800
-70.100
29.000
-66.500
-117.300
-70.400
100.800
-166.400
168.500
125.100
-88.400
16.800
-3.300
-67.200
47.900
57.400
125.500
104.700
33.000
15.000
-118.433
-89.100
-83.000
35.200
104.600
27.100
121.500
121.850
121.500
27.800
27.100
-71.180
54.200
178.850
-155.600
-136.000
16.100
137.300
48.100
46.200
120.700
13.900
26.250
26.200
-86.300
43.300
-84.000
179.000
-70.100
104.600
-76.800
26.100
44.600
121.100
121.500
33.600
121.200
147.300
-70.200

92.430
81.233
-71.630
14.200
-98.300
14.400
-79.000
-70.200
129.900
115.500
120.500
-76.900
46.300
112.500
13.900
26.200
52.300
120.400
179.000
55.910
39.600
-73.750
-79.000
101.100
-72.920
-3.983
-88.500
105.700


-103.400
125.500
22.000
127.500
47.800
-76.500
75.000
76.000
123.600

74.100
-86.800
-70.100
4.600
95.300
104.000
95.300
21.500
-80.000
-70.400
122.600
8.100
123.300
-109.000
96.000
-100.200
76.800
-100.000
-74.400
22.800
12.000
.330
16.300
102.500
-61.100
102.200
95.000
-57.900
119.000
172.700
22.100
43.300
104.200
-69.800
-84.100
49.300
121.000
78.700
130.700
-100.000
22.000
126.250
-99.000
26.000
113.500
-6.700
124.400
54.600
129.900
111.040
112.900
1.800
43.200
111.900
96.000
174.400
-103.500
124.000
137.000
-123.500
-116.500
122.000
120.600
-70.350
-122.500
-121.900
143.300
99.500
166.830
127.750
136.800
66.200
20.900
25.500
-76.800
38.300
21.200
20.900
101.800
147.500
145.500
19.700
125.800
168.300
16.000
101.500
58.400
82.800
80.300
58.300
126.000
52.300
146.000
23.200
23.100
-71.700
139.900
126.100
28.700
21.750
139.800
-68.500
-70.100
15.900
58.400
150.100
14.500
121.700
19.400
20.500
20.100
11.100
130.000
-71.000
20.500
53.700
19.300
176.000
116.500
-74.883
-89.400
12.200
51.400
96.200
48.300
45.000
141.000
104.900
-76.700
-104.000
76.000
-71.000
124.750
144.000
-21.000
141.000
71.000
102.500
8.100
75.900
146.000
57.100
56.260
20.100
140.000
141.900
120.800
121.800
-62.180
-61.800
139.700
124.000
12.500
-96.300
91.000
-95.000
143.700
120.000
143.000
-76.800
122.000
122.000

126.000
126.000
126.000
-69.950
54.900
-122.400
-124.000
142.000
-86.000
76.600
13.000
172.000
16.700
-73.030
20.750
113.000
21.000
152.000
21.750
-98.000
130.700
-63.670
-77.000
-69.200
-142.000
-140.000
-140.000
28.840
128.500
148.000
159.000
132.000
132.000
-117.000
43.500
127.250
133.500
106.960
-105.000
-105.000
-63.300
-85.500
43.100
165.000
-137.500
152.000
148.000
-74.000
140.000
-153.480
-66.000
146.000
-66.950
-82.000
100.100
-120.500
28.700
28.500
148.000
143.000
130.000
142.500
170.000
142.300
142.500
121.600
-86.500
41.500
122.000
26.700
-171.020
-167.500
-99.700
-91.590
150.000
-174.000
48.600
-89.500
33.600
-91.000
-120.500
56.200
148.000
23.250
56.300
123.500
76.200
122.600
99.900
146.000
-92.600
-114.000
72.300
-175.000
-98.000
98.000
143.300
106.000
35.300
127.500
42.400
42.500
168.000
13.400
42.700
-158.540
-99.200
10.000
-74.000
23.000

58.200
-70.150
-71.000
126.000
-79.000
145.800
23.200
23.200
120.500
134.000
159.000
159.000
159.000
177.000
27.000
130.000
-148.080
100.900
109.000
-80.500
120.300
-82.800
-84.680
123.000
-178.550
-173.000
167.200
76.000
29.000
56.300
-103.400
149.000
19.600
132.000
-168.000
142.600
99.000
98.000
13.900
143.000
16.070
164.000
37.500
23.000
42.000
104.800
24.200
168.300
168.300
38.600
123.500
37.100
9.900
104.100
138.000
-66.917
-81.500
-76.200
-81.000
-61.000
-77.033
20.000
120.500
118.500
-113.800
120.400
-122.480
-70.300
98.600
-74.000
-74.000
179.690
-72.000
38.400
149.000
13.700
-79.000
149.000
109.000
.300
-61.000
85.000
-153.900
-71.000
94.500
-76.800
13.700
-75.400
122.000
-100.000
123.000
123.000
153.700
147.000
120.000
127.000
121.000
20.100
-169.730
-135.500
-112.500
67.900
16.017
-76.790
123.000
142.500
-175.730
100.000
-146.200
126.000
129.000
-99.000
-101.000
123.000
-155.000
70.500
150.000
-78.000
97.000
15.580
26.900
50.000
-5.400
37.800
-179.000
141.500
141.500
127.000
10.500
175.000
121.500
-8.800
9.200
103.000
101.000
11.500
-70.500
5.400
70.500
72.500
167.200
21.500
-99.800
136.300
11.500
68.000
15.200
29.600
-101.200
131.000
121.800
165.000
145.000
-85.000
122.000
138.500
152.250
122.500
-84.000
-84.000
145.000
169.000
15.400
169.500
4.000
34.600
-95.900
-2.970
166.000
166.500
167.000
31.000
126.000
127.000
125.500
77.500
114.500
120.993
72.800
20.700
57.030
156.000
152.250
115.300
-102.500
130.000
70.500
126.000
.200
137.000
-72.000
-149.000
15.200
20.500
-100.700
20.500
-20.000
-103.200
97.000
142.000
-80.413
27.200
-99.900
138.000
138.000
-155.000
124.000
-99.800

-62.500
152.000
171.500
-79.600
126.121
53.700
127.800
154.000
25.500
-174.000
16.200
-73.300
155.500
-74.000
102.300
148.000
169.000
-72.900
169.000
102.450
130.670
-76.600
10.200
-73.000
-72.000
139.800
-92.200
15.200
136.943
36.000
-78.200
101.820
91.500
-73.200
30.270
178.200
23.250
132.500
143.000
20.600
-73.200
13.500
123.500
155.000
122.300
133.695
-68.500
-115.500
163.300
20.700
-89.000
-117.500
142.900
136.000
119.500
91.500
-88.760
152.548
122.300
136.000
135.500
37.000

131.500
178.500
-86.000
-170.000
141.000
-68.000
-82.000
-63.000
15.233
144.500
-68.000
81.000
120.900
113.000
14.600
160.000
-67.770
121.000
120.900
116.000
116.200
118.080
15.600
163.000
125.000
12.100
-177.000
121.600
-169.120
12.700
-89.310
-173.000
123.000
143.500
104.000
131.000
128.000
-74.000
13.600
13.700
-177.500
-90.600
-97.000
-90.000
136.500
126.500
117.200
-117.000
-71.500
142.500
91.000
103.000
123.000
151.500
121.950
-67.500
-67.500
151.500
-68.200
129.000
-71.000
58.200
126.000
-176.500
122.000
-89.190
-172.515
145.500
153.714
11.500
-88.291

180.000
12.600
12.100
140.750
14.200
20.500
-96.970
122.920
150.000
44.100
122.700
-73.500
10.300
168.530
20.000
105.317
-68.400
19.500
11.900
-91.000
-104.300
117.900
124.380
39.600
111.000
16.300
13.200
138.800
126.000
127.000
70.500
12.000
-71.000
-73.000
-71.000
-71.000
143.000
123.500
-125.500
-70.850
128.900
124.100
123.250
20.400
100.350
12.700
95.200
1.300
122.000
-72.500
151.800
-72.000
-70.755
70.500
130.300
173.000
-124.500
161.000
57.300
-78.300
162.400
124.000
17.100
101.000
162.500
-71.750
12.000
109.200
59.200
141.800
125.000
-70.300
139.500
140.200
57.700
56.900
128.750
151.500
152.000
-77.500
13.500
-73.200
139.500
-78.600
142.436
5.200
126.500
118.000
42.800
157.500
147.416
83.800
159.000
-21.950
126.500
42.000
13.200
109.800
12.700
109.900
115.000
42.800
-146.000
12.200
100.400
10.900
168.500
122.700
10.800
-71.500
134.750
122.100
-111.240
-120.196
16.100
30.500
-85.200
-42.000
100.000
125.000
-107.000
12.200
58.100
51.200
-155.500
161.000
13.800
27.500
100.600
10.700
127.000
100.400
14.833
-28.000
159.519
161.000
18.500
43.700
138.500
-85.800
100.300
-71.000
109.000
19.500
-4.600
-115.500
135.100
103.000
102.000
13.800
20.500
102.000
7.000
34.400
22.750
35.500
142.000
14.200
13.100
142.000
120.500
34.500
34.300
13.500
-136.070
9.600
-120.774
9.600
-73.000
11.800
102.500
119.700
160.039
11.600
9.200
-125.000
-97.600
16.000
60.000
88.500
170.500
-96.100
13.000
27.400
-69.500
25.300
-97.100
25.000
23.000
23.500
23.000
-69.500
26.800
-78.000
-174.345
143.200
120.900
-97.036
-79.000
120.500
57.900
-97.000
-70.500
-72.000
124.000
154.800
111.600
-64.200
98.000
70.500
-170.000
57.600
37.900
132.200
-131.000
97.200
127.000
172.250
-29.500
58.000
49.700
-21.700
-78.300
-69.000
-56.000
171.500
119.400
20.500
24.800
-3.000
14.600
-86.200
96.500
44.700
103.000
105.300
90.000
-4.500
95.500
114.300
15.400
100.000
-118.643
124.570
98.400
68.500
145.460
52.100
13.267
39.667
19.500
139.000
19.600
96.400
13.300
120.600
120.600
144.300
-66.300
-71.000
23.000
-96.800
10.100
96.800
20.800
96.800
10.100
176.025
177.000
177.000
22.500
142.500
-72.000
120.200
11.400
-85.700
11.600
12.500
46.000
1.067
15.100
142.077
89.800
67.300
13.000
139.200
102.750
161.016
161.194
131.500
-77.500
-75.800
101.800
179.600
115.000
126.000
53.400
-87.500
179.200
-104.250
-103.632
-104.500
95.500
120.500
128.350
177.500
23.900
23.800
-131.500
-64.200

-117.800
96.700
-88.500
102.200
-71.000
13.000
144.622
-117.970
27.200
.600
-87.500
142.400
104.800
103.400
102.500
14.200
-81.000
-70.500
-70.014
56.000
151.000
102.700
86.762
108.800
119.000
175.500
-18.250
-82.500
166.731
165.503
121.500
40.211
-105.500
-89.000
-69.500
152.200
40.211
-20.600
-115.500
27.500
25.000
53.300
53.500
120.800
102.300
40.600
120.800
66.800
120.500
138.000
120.800
141.400
-77.500
12.700
146.500
141.416
143.700
144.300
-112.000
-112.000
94.000
-93.100
161.000
103.600

-77.600
103.400
126.500
109.400
103.600
165.000
60.000
127.600
-70.000
105.700
-77.300
103.000
120.800
94.700
97.500
142.200
74.200
164.000
-88.700
139.200
97.600
-87.200
7.500
149.400
-177.000
152.203
-97.500
115.100
121.500
112.500
162.500
110.200
-99.300
132.300
70.500
121.200
-98.500
-76.500
-89.500
-98.300
130.500
-75.500
132.300
153.100
-131.900
33.800
-86.900
-86.900
147.800
99.500
120.000
141.400
144.300
125.115
-99.500
-78.400
141.700
141.700
142.200
141.700
141.200
-158.370
141.500
142.100
142.200
121.500
30.700
-72.250
14.700
155.386
132.000
-70.500
159.234
139.500
121.250
-24.427
-.130
-72.000
-79.100
102.500
26.800
-72.190
40.400
70.600

39.533
13.500
-69.000
121.300
-87.500
35.500
102.300
43.800
-115.500
-77.000
102.500
178.200
139.500
122.000
-71.000
-74.500
26.800
43.500
152.071
-125.250
58.600
12.200
-102.900
127.200
99.400
92.500
10.000
43.300
102.300
39.400
132.100
-18.983
-83.200
-84.000
120.300
99.900
100.300
121.000
-81.500
-74.500

-67.900
122.000
-91.000
-76.000
20.400
32.000
-95.000
28.200
34.600
35.000
35.100
36.500
17.200
30.500
17.000
-80.500
-71.500
-101.500
73.300
-72.000
4.500
13.300
128.000
101.000
143.300
30.500
104.100
110.000
-67.500
159.000
133.900
171.000
-177.000
93.500
134.500
33.700
156.800
40.000
-68.500
32.700
84.000
123.500
54.500
152.800
29.300
22.500
-74.723
75.000
172.000
26.700
169.000
137.100
137.200
142.100

35.800
52.100
43.300
43.300
15.600
119.000
63.000
28.900
150.000
59.100
5.000
31.800
51.400
-162.832
41.200
-124.920
-70.500
-69.000
-69.500
96.200
96.200
153.500
-76.250
-174.500
72.500
55.400
-77.500
120.300
135.600
-87.500
99.500
178.870
102.000
-116.600
148.500
178.880
102.900
57.800
-77.200
94.000
63.000
8.000
58.700
22.000
-75.000
141.000
122.000
27.000
127.500
135.600
20.425
10.900
-71.000
-161.000
100.500
-76.200
95.000
99.700
136.000
20.500
-174.000
58.320
104.000
-106.000
-69.000
163.500
20.000
84.000
70.500
-122.617
-73.500
56.460
95.000
70.800
26.230
-78.500
-78.200
-174.500
40.500
-133.270
121.500
12.700
154.000
102.500
-118.250
-71.000
-71.000
121.630
53.200
-71.500
100.100
40.000
144.000
-71.000
177.200
-83.000
-69.500
-72.000
113.000
-72.500
-68.000
-78.200
96.500
103.100
-85.000
128.300
-91.917
129.500
159.500
-100.400
167.500
-67.500
-75.750
-176.000
-98.220
147.100
142.200
127.300
-87.800
-69.500
-96.800
-87.500
-87.500
13.800
33.400
-118.200
-156.000
121.700
91.400
121.500
57.000
100.000
41.700
-69.900
143.850
142.500
-155.033
127.250
-85.300
39.500
99.800
169.250
-119.017
91.500
-118.917
102.200
112.700
35.500
160.057
99.700
-83.500
52.300
-73.400
55.100
-77.500
156.500
27.500
152.868
52.000
103.200
-72.500
-70.700
26.300
169.000
20.600
20.800
32.500
178.200
166.516
141.700
-68.700
-80.600
-92.600
101.300
138.700
95.300
-3.500
22.100
-29.500
22.200
66.000
116.600
123.900
-118.500
104.200
52.000
-118.500
1.467
1.500
1.500
1.500
104.800
119.000
142.200
-118.200
-69.570
-118.200
67.000
-175.500
123.200
-87.000
22.000
101.800
74.600
23.100
-72.000
23.000
83.600
94.000
101.100
27.000
-78.400
-84.500
155.700
29.600
101.800
101.400
-71.300
152.500
-99.500
-70.000
-175.000
19.300
-80.500
-86.700
14.300
30.500
175.700
144.100
35.500
-4.000
-179.000
67.500
26.000
25.200
95.700
130.000
70.000
138.800
114.000
150.500
54.400
23.000
-71.000
115.500
8.900
121.600
22.800
-175.629
-165.200
-173.000
107.100
52.500
28.500
28.700
30.900
112.500
137.000
116.400
52.700
-99.100
-71.500
53.300
127.500
107.300
-178.500
116.000
-66.000

99.500
47.800
166.700
-72.000
53.000
-79.500
-79.000
104.000
125.000
104.000
-28.800
-136.665
-69.000
47.900
-65.000
-70.112
156.400
49.000
109.500
112.500
-115.000
148.540
148.800
9.900
8.800
142.200
9.600
-81.500
6.800
149.000
12.600
10.800
28.700
122.700
159.500
-96.300
-68.000
160.500
115.300
110.900
121.130
156.000
-111.215
-94.400
19.800
-177.000
41.600
143.200
151.110
2.600
75.317
-74.000
-72.750
-75.000
104.500
4.100
-9.620
143.400
143.700
127.000
54.500
121.500
-73.243
-73.407
20.000
152.300
142.500
-79.000
76.700
29.000
122.300
-75.100
103.700
-80.700
156.099
142.300
141.900
141.900
93.340
147.900
131.800
-175.700
110.000
122.000
15.300
-118.000
77.700
28.500
39.900
54.600
98.630
-73.400
49.400
99.750
131.800
168.411
160.614
145.600
149.548
136.700
-70.700
-27.300
-27.000
-27.283
104.780
48.100
-73.000
145.700
-75.600
17.100
17.100
-72.500
9.000
-82.757
19.500
114.670
59.000
142.741
-79.000
106.100
143.900
5.600
140.900
-99.600
-99.500
96.000
142.400
25.000
18.300
101.200
-82.000
-76.400
81.580
15.500
22.900
-111.800
49.870
43.900
23.300
58.700
55.600
106.270
-168.540
57.800
122.100
21.000
47.900
15.600
57.900
97.000
99.500
-86.900
115.600
14.800
130.600
49.200
21.300
55.700
-69.300
74.200
74.800
165.770
165.413
29.000
-78.022
149.272
149.798
150.563
129.580
105.400
-176.600
119.400
120.600
101.000
-28.400
-147.648
95.700
18.100
34.900
139.000
139.000
38.300
139.200
166.500
-100.400
153.876
111.600
28.200
150.700
138.900
54.000
4.400
111.630
126.100
178.550
47.100
-70.630
24.000
70.700
-71.260
-71.200
177.930
22.400
21.800
138.000
-122.300
-89.300
148.700
55.900
-167.550
101.600
22.300
167.200
166.800
-95.800
-75.130
87.800
99.700
22.000
103.100
103.100
115.030
41.600
114.920
122.600
114.970
30.200
115.100
115.270
114.780
69.100
42.600
160.883
80.854
41.300
41.300
37.000
78.900
41.600
22.100
-73.900
97.700
-69.500
100.100
125.120
-78.638
21.200
-70.700
166.445
166.684
22.000
102.800
104.100
20.200
-74.900
113.100
151.110
116.500
119.300
97.300
21.200
-.100
30.800
40.400
-73.000
-67.300
-.500
152.500
100.300
-79.800
122.200
-71.190
20.500
115.217
73.900
111.217
-69.500
-86.200
13.100
13.200
146.701
153.200
24.957
130.600
5.070
-29.400
34.400
132.500
8.000
44.300
44.400
143.200
142.700
172.000
139.300
46.100
143.100
-77.200
51.200
-178.400
122.200
-97.800
132.200
126.200
119.800
59.000
46.200
58.200
32.300
58.200
-62.600
40.100
-92.700
140.600
117.000
143.300
19.300
57.900
158.900
143.200
127.400
79.367
118.900
-10.950
28.500
28.400
41.210
34.000
19.800
132.100
28.600
119.400
-75.100
111.800
146.900
12.400
147.900
74.800
19.700
-75.100
-122.692
19.600
17.300
17.200
94.600
163.600
-78.300
-59.700
102.500
126.700
122.100
-75.600
-153.900
44.700
73.000
29.500
121.710
28.700
47.000
47.100
-78.800
78.800
157.800
-73.800
-70.550
-131.000
36.700
131.700
55.900
-72.600
166.570
16.000
-77.600
173.620
122.000
145.471
-69.810
39.340
-80.700
139.700
98.800
11.800
-118.400
55.600
51.900
55.600
-177.200
29.800
40.500
-69.800
109.100
-69.200
-71.200
153.900
10.300
153.200
-77.400
143.500
52.700
103.700
50.700
141.200
141.400
141.200
140.900
146.600
141.100
-73.300
167.200
179.100
159.200
163.300
122.100
122.300
122.200
13.300
50.900
140.800
-76.800
52.800
121.600
120.300
-71.800
124.300
13.300
69.700
50.800
-135.680
152.900
73.400
-1.100
22.400
20.300
168.800
126.600
140.700
-86.100
-71.000
-103.000
100.580
176.570
-119.000
52.620
156.600
150.270
122.800
43.030
-84.759
-78.144
-155.098
145.800
146.400
146.600
86.480
15.167
-96.600
-71.500
-21.550
20.440
52.890
-28.310
23.800
166.600
166.900
-76.350
155.900
27.000
155.600
-72.930
119.200
138.700
104.010
-63.380
15.530
-64.638
94.030
-77.690
139.820
-73.400
12.920
146.700
-77.790
-62.000
55.800
72.900
46.990
130.000
78.430
131.100
173.500
122.580
106.700
56.260
-71.300
26.140
-112.550
-69.750
131.300
-73.230
-17.649
147.734
94.700
5.241
155.054
155.152
-121.528
40.723
51.037
-175.119
125.993
144.754
-155.033
-172.467
21.798
-16.580
-177.886
-177.657
149.123
-89.101
-91.061
67.790
43.010
63.770
-79.800
42.850
13.275
63.470
98.953
98.710
-100.640
140.091
114.888
118.310
117.980
118.401
124.090
122.939
28.890
13.157
13.197
13.130
139.918
59.150
44.030
71.040
-68.920
26.653
44.000
115.190
70.850
26.703
100.020
122.330
56.390
40.020
-172.095
50.680
160.323
160.348
160.822
160.731
44.380
44.000
-175.900
14.290
118.464
146.230
-76.300
-175.406
23.970
55.040
-67.770
56.470
139.259
-177.360
39.790
141.950
16.030
66.302
-99.740
149.002
149.029
148.971
148.439
148.862
78.606
20.919
15.066
23.268
132.600
142.028
122.403
23.229

121.512
-91.022
-70.540
-119.700
-6.871
9.010
57.434
72.610
-96.591
146.581
49.650
122.075
59.472
-72.658
143.703
-141.671
-101.276
19.023
19.209
24.437
115.934
18.752
115.949
117.179
145.577
-82.943
119.241
28.660
108.129
136.040
13.061
-90.082
165.707
-115.324
115.847
-90.881
108.252
20.398
59.741
-179.984
-76.217
59.726
59.817
-79.358
102.712
115.889
-27.780
-121.816
146.753
108.793
15.855
-91.317
-122.194
20.837
-118.840
-114.985
139.181
166.381
23.041
70.596
22.729
165.916
50.201
-83.907
81.092
-88.516
-80.017
75.633
75.629
139.964
176.478
1.354
-98.240
-124.253
-74.545
15.366
-72.441
50.652
50.590
142.750
139.232
101.098
14.601
22.934
23.288
20.699
-74.376
-115.650
164.357
57.715
-74.522
57.794
17.312
-173.085
73.594
-73.074
-72.527
-102.084
32.604
66.962
25.227
124.358
-66.659
-87.589
94.002
106.936
97.755
118.479
142.361
-93.210
-76.065
105.550
-98.358
99.931
-89.339
141.702
165.931
120.577
-89.121
12.586
19.590
44.379
69.011
-175.864
123.080
139.434
20.228
-95.232
75.135
21.540
70.727
127.924
153.581
20.262
52.264
-76.686
48.714
-83.123
94.722
75.260
-78.103
99.023
-120.317
139.102
138.948
139.099
-83.688
27.222
-147.286
49.180
67.840
24.766
139.070
161.287
120.860
20.859
139.513
-70.563
121.052
120.858
-113.916
42.187
133.899
115.213
5.346
10.317
-155.454
72.110
151.868
-13.529
70.738
118.806
70.484
160.469
22.094
70.826
63.350
148.192
145.805
-121.698
12.558
13.898
13.961
17.734
140.036
-69.338
-4.198
131.945
99.075
20.957
137.488
42.219
141.500
21.757
42.403
-105.720
71.328
163.400
92.891
-68.467
52.997
-71.708
-62.448
-71.551
123.544
-71.618
114.185
102.871
120.815
22.810
151.045
152.828
70.896
-78.887
75.224
136.049
-102.533
-101.647
159.854
22.254
-90.863
69.823
6.761
42.307
134.911
166.185
-85.838
166.516
15.068
-77.512
103.461
-92.072
-71.785
76.374
37.806
-174.776
43.737
69.363
-174.504
121.619
-62.928
143.943
-116.610
51.582
-117.869
-69.428
-118.447
37.300
26.316
22.176
22.175
28.737
-89.118
28.574
66.650
-176.367
121.574
16.339
-35.769
25.912
-72.084
51.623
81.319
79.318
1.374
141.689
147.689
176.765
-70.161
-77.785
131.837
137.865
120.301
98.866
125.410
48.266
162.330
167.828
115.608
-69.991
-70.931
158.513
13.874
-78.050
-118.078
-77.954
-118.100
-172.225
154.371
149.060
-143.270
-115.775
124.155
-142.786
140.214
106.336
19.630
133.803
133.882
-70.433
91.570
-142.747
50.194
121.067
121.013
148.780
121.598
95.127
160.896
51.679
86.616
146.230
71.811
20.932
2.759
-90.450
-67.256
99.611
99.439
108.545
-76.597
124.537
-26.142
-71.183
44.185
68.694
126.189
41.816
152.797
34.420
99.195
-99.328
51.655
-68.270
99.526
160.568
50.921
89.763
-79.616
-155.083
-28.242
139.193
125.129
139.022
45.362
41.942
136.667
-156.835
102.433
51.421
-121.883
113.884
143.333
2.448
-68.833
142.760
106.804
57.718
126.729
151.619
124.694
139.252
-117.700
175.163
66.331
-84.808
72.942
125.606
-2.985
147.596
74.900
122.857
51.678
100.245
15.766
176.064
32.145
31.848
-77.229
26.668
26.769
-84.327
-77.136
121.899
85.076
65.719
49.409
49.799
108.120
70.789
121.172
29.595
167.464
84.961
-78.449
138.643
26.727
84.961
27.349
103.781
70.486
55.462
97.457
16.633
73.553
15.438
121.636
121.627
22.300
-84.302
150.967
95.901
70.423
159.139
6.760
154.328
-175.450
78.959
113.923
-77.130
-77.094
68.273
70.912
-83.073
41.118
43.673
-82.418
43.349
116.746
44.009
120.355
42.875
122.787
-118.002
124.681
21.057
22.407
-71.574
44.066
-84.054
-69.948
-124.348
175.053
-90.986
158.442
78.774
50.218
70.607
-77.442
44.068
49.603
21.115
151.021
108.000
139.644
109.067
50.778
39.605
5.798
-116.318
-124.316
72.429
126.762
71.317
-77.872
165.239
-116.436
-116.827
-116.293
143.330
141.641
73.575
66.740
-87.386
52.187
26.651
31.144
-76.806
-76.862
121.896
143.691
101.062
60.088
137.245
-178.252
87.333
-122.607
50.886
-76.530
157.829
-176.819
50.814
-83.622
139.197
21.756
31.690
139.839
144.801
-92.645
-122.012
76.451
146.020
82.280
76.533
158.647
75.533
100.104
-76.037
-118.537
127.733
-110.976
30.037
104.302
60.596
52.617
-72.799
-178.413
143.683
67.163
122.448
112.835
112.892
113.366
121.905
113.369
-76.057
-67.553
171.658
52.614
-.106
-125.680
147.321
127.980
147.916
121.067
-124.310
143.419
109.330
135.018
-72.916
178.752
-76.622
32.279
135.109
139.186
-173.529
125.580
125.920
21.695
125.049
169.900
142.827
22.283
99.196
103.123
-70.294
154.178
-98.597
30.134
-77.881
-148.565
101.436
-104.205
130.175
130.148
102.227
-71.417
34.799
149.300
119.931
100.276
136.952
-79.587
-98.070
76.696
-78.737
154.999
109.661
-177.632
-176.847
139.931
-113.436
17.936
121.498
131.093
131.468
-75.675
131.314
74.284
-102.756
19.672
76.998
57.291
68.208
48.050
76.839
71.620
130.429
76.865
76.998
76.941
166.676
-60.892
144.901
59.809
70.945
80.041
59.475
-63.486
26.619
96.494
12.879
12.812
119.727
141.878
-176.772
-71.220
87.325
20.656
92.702
122.536
162.035
114.500
-91.473
-96.298
70.089
71.086
57.605
76.731
149.527
12.701
59.976
13.652
125.308
-65.431
78.843
70.110
35.307
-28.626
48.507
120.736
142.582
-80.393
77.343
112.413
20.080
20.390
47.225
53.608
101.029
124.891
104.021
-75.724
46.954
-1.566
69.364
57.193
114.658
79.403
-72.662
51.880
47.448
-97.436
-101.539
-88.330
91.895
29.970
29.949
23.605
30.045
120.982
121.158
-96.931
-116.271
120.506
-74.430
113.983
30.266
31.161
102.872
54.900
168.214
122.889
42.346
119.740
105.555
-1.281
92.771
122.994
101.063
58.218
30.888
143.730
25.690
123.573
38.777
121.058
102.087
32.992
97.238
101.905
121.225
-20.487
97.453
-20.758
139.131
-85.988
106.845
139.260
122.043
139.376
142.246
102.194
-122.413
30.709
133.134
69.582
-77.829
152.169
153.102
151.781
49.946
54.799
31.351
126.579
-88.660
70.232
-88.938
101.129
-122.727
132.526
-88.795
101.003
69.389
-73.641
36.206
-73.987
-72.077
102.660
24.244
-72.683
-118.387
-132.200
144.980
123.907
100.648
90.541
122.734
90.376
167.856
69.902
142.427
-69.231
29.077
-95.908
31.271
69.924
51.755
-115.322
70.482
124.249
69.315
124.090
122.179
-71.384
69.417
-70.586
-73.699
21.466
47.400
44.960
144.619
33.733
-66.797
88.932
49.047
6.103
-82.793
99.927
146.199
121.333
-179.513
178.495
31.410
48.838
72.007
13.701
142.945
93.068
134.234
-2.150
-100.113
49.329
-3.207
134.297
-147.912
29.004
15.267
14.872
74.654
96.085
-147.444
74.515
167.827
21.087
97.443
47.454
75.254
69.868
51.474
160.770
-104.104
118.524
11.960
39.878
85.923
123.921
124.079
-116.848
6.570
77.230
77.393
108.468
9.000
120.743
89.331
26.958
96.476
-85.629
40.464
77.219
3.634
141.568
128.855
3.578
-88.980
22.309
-71.637
60.784
54.169
68.382
101.290
141.003
28.887
28.927
92.306
-43.411
128.152
-79.941
20.605
119.643
95.605
167.144
11.450
140.172
95.672
-70.673
143.910
87.813
87.890
173.040
87.721
139.871
-70.693
101.254
100.951
142.619
103.834
103.971
178.650
125.416
103.753
80.515
120.524
121.362
49.209
27.486
-121.102
-82.824
58.311
169.350
115.788
-101.303
19.217
3.418
52.397
127.400
-82.877
135.538
135.023
35.551
73.216
100.655
100.488
29.558
-3.997
22.116
118.256
40.812
40.874
71.029
100.540
114.650
122.839
121.611
-73.406
96.758
51.474
67.121
124.038
51.610
142.120
36.905
-73.155
43.979
13.641
61.852
176.510
69.524
43.966
27.815
103.873
39.261
136.618
137.071
-65.840
103.781
19.912
-120.364
-86.520
54.477
122.694
99.169
138.779
138.885
26.622
-128.772
23.115
138.862
124.868
-77.508
48.836
-84.172
-61.706
47.977
164.721
10.559
135.404
145.119
3.448
-61.480
8.077
3.421
145.228
92.539
141.793
28.206
161.345
95.854
54.574
141.491
175.210
119.933
-80.785
100.709
43.703
-1.820
107.819
-61.744
79.440
92.524
56.816
68.038
26.789
40.978
61.887
40.890
73.730
73.668
130.131
97.108
99.607
-69.197
-125.970
97.082
119.963
19.812
124.480
139.982
92.190
125.058
-112.615
33.089
103.036
108.383
52.560
104.103
-68.980
74.118
142.039
78.560
73.773
153.474
40.634
-76.398
-70.794
73.588
26.751
-77.745
107.798
-78.704
144.896
115.689
38.814
55.858
29.830
71.093
79.255
26.783
23.212
128.131
88.388
25.544
33.583
91.705
56.865
70.899
73.887
127.214
5.328
55.685
97.224
48.780
124.122
121.278
73.136
70.477
20.920
90.413
167.089
-174.123
-82.543
56.700
105.395
110.446
55.843
43.787
34.280
131.141
19.960
104.950
107.411
104.138
68.828
-68.707
69.220
-.140
104.151
-86.606
-172.033
-61.756
-61.758
-155.935
-76.677
113.210
119.558
153.266
-.050
22.460
83.524
119.233
128.283
118.777
7.600
98.916
99.859
76.150
76.163
120.547
19.343
70.311
103.911
104.740
154.524
42.863
126.282
126.240
39.267
100.498
-76.495
48.930
169.357
136.588
20.420
157.043
-100.198
136.239
19.897
-72.648
1.009
-112.130
100.746
127.343
101.052
-90.618
50.833
-79.836
138.478
82.378
-122.193
70.485
78.239
127.464
167.680
141.798
-179.971
-111.237
107.655
-76.603
-111.207
73.700
56.652
165.762
114.338
-77.967
101.367
100.841
142.668
163.954
167.583
76.753
-121.774
70.724
124.647
92.388
-69.890
-77.838
49.930
118.339
77.057
-61.274
-44.231
-177.514
-71.695
178.291
33.212
33.162
72.985
-91.479
134.012
-.570
92.333
97.442
28.900
87.111
-115.315
51.200
28.918
35.305
95.964
-114.867
99.972
-.332
-40.350
70.592
81.467
-77.164
168.892
-90.599
-87.886
-119.930
168.953
48.590
141.521
103.322
-40.440
-73.764
105.424
-82.968
105.540
-21.012
-.658
84.964
21.525
140.881
-75.512
58.800
152.886
-71.748
142.214
141.464
105.542
-117.761
104.722
105.494
-64.171
124.319
97.919
97.684
176.851
83.520
26.417
104.158
101.937
38.503
103.058
55.828
143.754
73.915
73.824
90.350
46.254
67.351
67.455
95.833
122.091
-82.967
18.455
55.800
105.395
-69.259
97.569
97.569
71.075
132.885
133.305
-84.197
155.154
-75.626
126.397
73.899
78.692
-174.659
85.903
-86.060
13.334
13.464
70.749
70.076
37.597
37.744
75.787
22.714
-86.236
168.329
167.949
78.864
-78.966
101.095
166.562
85.902
105.438
92.888
138.264
99.490
95.718
95.101
107.297
43.443
-67.920
124.715
115.593
91.437
145.250
-172.095
99.867
101.501
166.510
166.382
-77.817
70.950
91.417
100.825
56.202
118.631
-69.715
27.494
33.878
73.767
139.261
121.605
33.818
-115.165
91.510
71.467
157.477
157.346
157.551
107.879
-124.692
-72.533
-63.475
48.300
105.804
105.668
101.903
128.425
-72.898
-65.602
120.795
39.986
-71.891
92.831
-115.278
97.048
96.548
67.658
121.406
80.026
-70.547
96.018
4.120
-67.070
145.682
91.936
-115.921
136.543
93.087
80.428
-75.480
-97.782
53.861
123.467
59.308
168.069
-77.306
141.476
54.470
103.005
171.830
172.388
176.818
172.690
90.648
51.665
72.887
100.082
20.673
48.940
67.117
37.839
-96.772
59.180
143.698
167.947
172.647
51.620
168.311
63.951
97.943
94.680
-73.125
-107.497
172.680
125.935
142.842
97.969
142.372
141.111
144.590
99.822
80.754
141.588
100.757
140.401
122.771
-1.672
29.040
88.247
172.743
98.721
-171.836
95.948
-176.340
143.264
71.410
98.730
77.028
168.143
168.218
-104.701
-77.933
-171.708
97.893
77.189
88.155
-90.238
70.533
-176.238
43.513
-75.966
88.684
-78.370
82.437
-96.765
125.185
-96.788
43.229
95.236
-87.898
76.888
174.315
-99.963
172.800
95.911
58.835
-75.635
167.133
123.206
120.891
56.778
123.700
144.944
125.633
-98.231
-72.217
93.063
92.463
168.741
-71.365
47.726
46.789
92.889
70.354
-69.591
-43.999
11.230
11.490
22.968
11.086
106.371
28.880
69.351
42.325
100.781
84.700
119.593
96.045
159.727
46.826
145.064
120.096
-88.590
126.638
-85.315
103.983
81.314
-132.101
-91.895
95.885
90.355
59.571
143.949
-134.652
95.907
165.114
166.018
-77.393
61.410
103.071
-71.425
99.812
77.466
121.215
51.593
-87.159
134.828
61.996
139.352
-97.088
150.788
102.888
70.220
75.863
57.770
5.261
153.221
124.898
121.141
86.173
116.058
96.665
113.002
3.086
174.337
104.262
22.666
174.061
-99.381
99.370
-92.104
65.520
-74.562
65.587
23.261
124.011
96.031
144.679
-46.362
51.314
54.448
-66.848
175.776
109.246
20.431
57.717
20.337
82.549
121.187
131.825
-70.628
-117.917
-70.817
-70.135
103.641
-86.379
162.211
162.069
-86.296
-100.816
154.931
99.683
-100.656
68.358
8.624
19.879
25.453
97.865
-177.670
178.760
-92.409
142.425
-137.130
-95.524
3.161
103.427
26.741
-78.302
103.570
47.670
-122.313
125.251
-71.744
100.487
-110.779
-88.123
126.547
101.720
137.911
100.474
142.890
168.148
102.907
18.930
85.641
73.302
19.936
115.798
152.556
122.327
84.708
140.167
151.886
86.077
140.493
116.541
90.401
78.136
158.396
165.172
73.225
-169.446
138.508
-77.298
28.930
-71.674
131.244
-64.444
70.717
-71.365
-72.105
128.877
20.552
-71.023
-70.904
72.767
71.132
93.656
127.229
-153.452
-3.597
120.593
94.275
71.131
130.726
-79.922
167.393
94.987
-79.641
126.355
70.626
145.529
117.816
173.111
-71.671
-31.874
13.172
94.579
179.055
31.560
21.481
129.227
29.060
73.682
133.809
13.043
13.088
-96.798
173.077
141.403
-88.835
86.532
16.157
-70.823
96.108
161.335
161.107
153.450
-79.740
-73.880
92.018
176.053
53.107
13.227
155.122
63.272
125.461
95.999
60.436
120.929
-89.160
-72.051
125.093
-136.695
75.253
57.195
27.775
120.453
