1.000000e+01 1.000000e+01 9.951000e+00
9.950125e+00 9.000000e+00 9.898000e+00
9.900498e+00 9.000000e+00 9.853000e+00
9.851119e+00 9.000000e+00 9.812000e+00
9.801987e+00 9.000000e+00 9.766000e+00
9.753099e+00 9.000000e+00 9.726000e+00
9.704455e+00 8.000000e+00 9.680000e+00
9.656054e+00 8.000000e+00 9.625000e+00
9.607894e+00 8.000000e+00 9.584000e+00
9.559975e+00 8.000000e+00 9.543000e+00
9.512294e+00 8.000000e+00 9.482000e+00
9.464851e+00 8.000000e+00 9.431000e+00
9.417645e+00 8.000000e+00 9.383000e+00
9.370675e+00 8.000000e+00 9.332000e+00
9.323938e+00 8.000000e+00 9.274000e+00
9.277435e+00 8.000000e+00 9.239000e+00
9.231163e+00 8.000000e+00 9.192000e+00
9.185123e+00 8.000000e+00 9.147000e+00
9.139312e+00 8.000000e+00 9.095000e+00
9.093729e+00 8.000000e+00 9.062000e+00
9.048374e+00 8.000000e+00 9.008000e+00
9.003245e+00 8.000000e+00 8.959000e+00
8.958341e+00 8.000000e+00 8.914000e+00
8.913661e+00 7.000000e+00 8.862000e+00
8.869204e+00 7.000000e+00 8.824000e+00
8.824969e+00 7.000000e+00 8.788000e+00
8.780954e+00 7.000000e+00 8.740000e+00
8.737159e+00 7.000000e+00 8.695000e+00
8.693582e+00 7.000000e+00 8.657000e+00
8.650223e+00 7.000000e+00 8.610000e+00
8.607080e+00 7.000000e+00 8.559000e+00
8.564152e+00 7.000000e+00 8.516000e+00
8.521438e+00 7.000000e+00 8.474000e+00
8.478937e+00 7.000000e+00 8.432000e+00
8.436648e+00 6.000000e+00 8.389000e+00
8.394570e+00 6.000000e+00 8.353000e+00
8.352702e+00 6.000000e+00 8.302000e+00
8.311043e+00 6.000000e+00 8.271000e+00
8.269591e+00 6.000000e+00 8.229000e+00
8.228347e+00 6.000000e+00 8.179000e+00
8.187308e+00 6.000000e+00 8.137000e+00
8.146473e+00 6.000000e+00 8.099000e+00
8.105842e+00 6.000000e+00 8.053000e+00
8.065414e+00 6.000000e+00 8.011000e+00
8.025188e+00 6.000000e+00 7.981000e+00
7.985162e+00 6.000000e+00 7.938000e+00
7.945336e+00 6.000000e+00 7.889000e+00
7.905708e+00 6.000000e+00 7.846000e+00
7.866279e+00 6.000000e+00 7.815000e+00
7.827045e+00 6.000000e+00 7.762000e+00
7.788008e+00 6.000000e+00 7.719000e+00
7.749165e+00 6.000000e+00 7.681000e+00
7.710516e+00 6.000000e+00 7.646000e+00
7.672059e+00 6.000000e+00 7.613000e+00
7.633795e+00 6.000000e+00 7.574000e+00
7.595721e+00 6.000000e+00 7.533000e+00
7.557837e+00 6.000000e+00 7.496000e+00
7.520143e+00 6.000000e+00 7.464000e+00
7.482636e+00 6.000000e+00 7.428000e+00
7.445316e+00 6.000000e+00 7.392000e+00
7.408182e+00 6.000000e+00 7.360000e+00
7.371234e+00 6.000000e+00 7.326000e+00
7.334470e+00 6.000000e+00 7.287000e+00
7.297889e+00 6.000000e+00 7.256000e+00
7.261490e+00 6.000000e+00 7.214000e+00
7.225274e+00 6.000000e+00 7.179000e+00
7.189237e+00 6.000000e+00 7.151000e+00
7.153381e+00 6.000000e+00 7.105000e+00
7.117703e+00 6.000000e+00 7.069000e+00
7.082204e+00 6.000000e+00 7.034000e+00
7.046881e+00 6.000000e+00 7.004000e+00
7.011734e+00 6.000000e+00 6.968000e+00
6.976763e+00 6.000000e+00 6.931000e+00
6.941967e+00 6.000000e+00 6.895000e+00
6.907343e+00 6.000000e+00 6.859000e+00
6.872893e+00 6.000000e+00 6.815000e+00
6.838614e+00 6.000000e+00 6.775000e+00
6.804506e+00 6.000000e+00 6.742000e+00
6.770569e+00 6.000000e+00 6.712000e+00
6.736800e+00 6.000000e+00 6.681000e+00
6.703200e+00 6.000000e+00 6.647000e+00
6.669768e+00 6.000000e+00 6.616000e+00
6.636503e+00 6.000000e+00 6.573000e+00
6.603403e+00 6.000000e+00 6.544000e+00
6.570468e+00 6.000000e+00 6.501000e+00
6.537698e+00 6.000000e+00 6.459000e+00
6.505091e+00 6.000000e+00 6.424000e+00
6.472647e+00 6.000000e+00 6.381000e+00
6.440364e+00 6.000000e+00 6.356000e+00
6.408243e+00 6.000000e+00 6.320000e+00
6.376282e+00 6.000000e+00 6.275000e+00
6.344480e+00 6.000000e+00 6.241000e+00
6.312836e+00 6.000000e+00 6.213000e+00
6.281351e+00 6.000000e+00 6.176000e+00
6.250023e+00 6.000000e+00 6.143000e+00
6.218851e+00 6.000000e+00 6.110000e+00
6.187834e+00 6.000000e+00 6.094000e+00
6.156972e+00 6.000000e+00 6.063000e+00
6.126264e+00 6.000000e+00 6.028000e+00
6.095709e+00 6.000000e+00 5.992000e+00
6.065307e+00 6.000000e+00 5.953000e+00
6.035056e+00 6.000000e+00 5.929000e+00
6.004956e+00 6.000000e+00 5.896000e+00
5.975006e+00 6.000000e+00 5.873000e+00
5.945205e+00 6.000000e+00 5.845000e+00
5.915554e+00 6.000000e+00 5.811000e+00
5.886050e+00 6.000000e+00 5.772000e+00
5.856693e+00 6.000000e+00 5.745000e+00
5.827483e+00 6.000000e+00 5.719000e+00
5.798418e+00 6.000000e+00 5.692000e+00
5.769498e+00 6.000000e+00 5.658000e+00
5.740723e+00 6.000000e+00 5.630000e+00
5.712091e+00 6.000000e+00 5.602000e+00
5.683601e+00 6.000000e+00 5.577000e+00
5.655254e+00 6.000000e+00 5.551000e+00
5.627049e+00 6.000000e+00 5.526000e+00
5.598984e+00 6.000000e+00 5.503000e+00
5.571059e+00 6.000000e+00 5.484000e+00
5.543273e+00 6.000000e+00 5.455000e+00
5.515626e+00 6.000000e+00 5.424000e+00
5.488116e+00 6.000000e+00 5.395000e+00
5.460744e+00 6.000000e+00 5.370000e+00
5.433509e+00 6.000000e+00 5.348000e+00
5.406409e+00 6.000000e+00 5.312000e+00
5.379444e+00 6.000000e+00 5.299000e+00
5.352614e+00 6.000000e+00 5.277000e+00
5.325918e+00 6.000000e+00 5.253000e+00
5.299355e+00 6.000000e+00 5.230000e+00
5.272924e+00 6.000000e+00 5.206000e+00
5.246625e+00 6.000000e+00 5.184000e+00
5.220458e+00 6.000000e+00 5.159000e+00
5.194421e+00 6.000000e+00 5.135000e+00
5.168513e+00 6.000000e+00 5.112000e+00
5.142735e+00 6.000000e+00 5.085000e+00
5.117086e+00 6.000000e+00 5.068000e+00
5.091564e+00 6.000000e+00 5.050000e+00
5.066170e+00 6.000000e+00 5.020000e+00
5.040902e+00 6.000000e+00 5.001000e+00
5.015761e+00 5.000000e+00 4.982000e+00
4.990744e+00 5.000000e+00 4.959000e+00
4.965853e+00 5.000000e+00 4.929000e+00
4.941086e+00 5.000000e+00 4.901000e+00
4.916442e+00 5.000000e+00 4.872000e+00
4.891921e+00 5.000000e+00 4.839000e+00
4.867523e+00 5.000000e+00 4.812000e+00
4.843246e+00 5.000000e+00 4.789000e+00
4.819090e+00 5.000000e+00 4.771000e+00
4.795055e+00 5.000000e+00 4.753000e+00
4.771139e+00 5.000000e+00 4.739000e+00
4.747343e+00 5.000000e+00 4.710000e+00
4.723666e+00 5.000000e+00 4.680000e+00
4.700106e+00 5.000000e+00 4.656000e+00
4.676664e+00 5.000000e+00 4.640000e+00
4.653339e+00 5.000000e+00 4.614000e+00
4.630131e+00 5.000000e+00 4.589000e+00
4.607038e+00 5.000000e+00 4.564000e+00
4.584060e+00 5.000000e+00 4.544000e+00
4.561197e+00 5.000000e+00 4.515000e+00
4.538448e+00 5.000000e+00 4.485000e+00
4.515812e+00 5.000000e+00 4.467000e+00
4.493290e+00 5.000000e+00 4.445000e+00
4.470879e+00 5.000000e+00 4.418000e+00
4.448581e+00 5.000000e+00 4.396000e+00
4.426393e+00 5.000000e+00 4.373000e+00
4.404317e+00 5.000000e+00 4.353000e+00
4.382350e+00 5.000000e+00 4.334000e+00
4.360493e+00 5.000000e+00 4.310000e+00
4.338745e+00 5.000000e+00 4.291000e+00
4.317105e+00 5.000000e+00 4.269000e+00
4.295574e+00 5.000000e+00 4.253000e+00
4.274149e+00 5.000000e+00 4.236000e+00
4.252832e+00 5.000000e+00 4.215000e+00
4.231621e+00 5.000000e+00 4.189000e+00
4.210516e+00 5.000000e+00 4.171000e+00
4.189515e+00 5.000000e+00 4.148000e+00
4.168620e+00 5.000000e+00 4.126000e+00
4.147829e+00 5.000000e+00 4.106000e+00
4.127142e+00 5.000000e+00 4.082000e+00
4.106558e+00 5.000000e+00 4.053000e+00
4.086076e+00 5.000000e+00 4.035000e+00
4.065697e+00 5.000000e+00 4.013000e+00
4.045419e+00 5.000000e+00 3.999000e+00
4.025242e+00 5.000000e+00 3.981000e+00
4.005166e+00 5.000000e+00 3.959000e+00
3.985190e+00 5.000000e+00 3.943000e+00
3.965314e+00 5.000000e+00 3.926000e+00
3.945537e+00 5.000000e+00 3.899000e+00
3.925859e+00 5.000000e+00 3.877000e+00
3.906278e+00 5.000000e+00 3.860000e+00
3.886796e+00 5.000000e+00 3.836000e+00
3.867410e+00 5.000000e+00 3.812000e+00
3.848121e+00 5.000000e+00 3.791000e+00
3.828929e+00 5.000000e+00 3.780000e+00
3.809832e+00 5.000000e+00 3.759000e+00
3.790830e+00 5.000000e+00 3.738000e+00
3.771924e+00 5.000000e+00 3.718000e+00
3.753111e+00 5.000000e+00 3.696000e+00
3.734392e+00 5.000000e+00 3.685000e+00
3.715767e+00 5.000000e+00 3.668000e+00
3.697234e+00 5.000000e+00 3.652000e+00
3.678794e+00 5.000000e+00 3.634000e+00
3.660446e+00 5.000000e+00 3.615000e+00
3.642190e+00 5.000000e+00 3.600000e+00
3.624024e+00 5.000000e+00 3.574000e+00
3.605949e+00 5.000000e+00 3.552000e+00
3.587965e+00 5.000000e+00 3.535000e+00
3.570070e+00 5.000000e+00 3.516000e+00
3.552264e+00 5.000000e+00 3.497000e+00
3.534547e+00 5.000000e+00 3.483000e+00
3.516918e+00 5.000000e+00 3.463000e+00
3.499377e+00 5.000000e+00 3.445000e+00
3.481924e+00 5.000000e+00 3.426000e+00
3.464558e+00 5.000000e+00 3.411000e+00
3.447279e+00 5.000000e+00 3.394000e+00
3.430085e+00 5.000000e+00 3.381000e+00
3.412978e+00 5.000000e+00 3.364000e+00
3.395955e+00 5.000000e+00 3.344000e+00
3.379018e+00 5.000000e+00 3.323000e+00
3.362165e+00 5.000000e+00 3.313000e+00
3.345396e+00 5.000000e+00 3.298000e+00
3.328711e+00 5.000000e+00 3.286000e+00
3.312109e+00 5.000000e+00 3.269000e+00
3.295590e+00 5.000000e+00 3.250000e+00
3.279153e+00 5.000000e+00 3.235000e+00
3.262798e+00 5.000000e+00 3.217000e+00
3.246525e+00 5.000000e+00 3.196000e+00
3.230333e+00 5.000000e+00 3.181000e+00
3.214221e+00 4.000000e+00 3.163000e+00
3.198190e+00 4.000000e+00 3.152000e+00
3.182239e+00 4.000000e+00 3.132000e+00
3.166368e+00 4.000000e+00 3.113000e+00
3.150575e+00 4.000000e+00 3.101000e+00
3.134862e+00 4.000000e+00 3.086000e+00
3.119227e+00 4.000000e+00 3.069000e+00
3.103669e+00 4.000000e+00 3.047000e+00
3.088190e+00 4.000000e+00 3.026000e+00
3.072787e+00 4.000000e+00 3.015000e+00
3.057462e+00 4.000000e+00 2.995000e+00
3.042213e+00 4.000000e+00 2.983000e+00
3.027040e+00 4.000000e+00 2.969000e+00
3.011942e+00 4.000000e+00 2.955000e+00
2.996920e+00 4.000000e+00 2.940000e+00
2.981973e+00 4.000000e+00 2.924000e+00
2.967100e+00 4.000000e+00 2.913000e+00
2.952302e+00 3.000000e+00 2.898000e+00
2.937577e+00 3.000000e+00 2.882000e+00
2.922926e+00 3.000000e+00 2.867000e+00
2.908348e+00 3.000000e+00 2.849000e+00
2.893842e+00 3.000000e+00 2.832000e+00
2.879409e+00 3.000000e+00 2.812000e+00
2.865048e+00 3.000000e+00 2.802000e+00
2.850758e+00 3.000000e+00 2.781000e+00
2.836540e+00 3.000000e+00 2.771000e+00
2.822393e+00 3.000000e+00 2.759000e+00
2.808316e+00 3.000000e+00 2.745000e+00
2.794310e+00 3.000000e+00 2.733000e+00
2.780373e+00 3.000000e+00 2.718000e+00
2.766506e+00 3.000000e+00 2.703000e+00
2.752708e+00 3.000000e+00 2.690000e+00
2.738979e+00 3.000000e+00 2.678000e+00
2.725318e+00 3.000000e+00 2.664000e+00
2.711725e+00 3.000000e+00 2.651000e+00
2.698201e+00 3.000000e+00 2.630000e+00
2.684743e+00 3.000000e+00 2.620000e+00
2.671353e+00 3.000000e+00 2.610000e+00
2.658030e+00 3.000000e+00 2.594000e+00
2.644773e+00 3.000000e+00 2.577000e+00
2.631582e+00 3.000000e+00 2.571000e+00
2.618457e+00 3.000000e+00 2.556000e+00
2.605397e+00 3.000000e+00 2.542000e+00
2.592403e+00 3.000000e+00 2.530000e+00
2.579473e+00 3.000000e+00 2.519000e+00
2.566608e+00 3.000000e+00 2.512000e+00
2.553807e+00 3.000000e+00 2.506000e+00
2.541070e+00 3.000000e+00 2.487000e+00
2.528396e+00 3.000000e+00 2.467000e+00
2.515786e+00 2.000000e+00 2.449000e+00
2.503238e+00 2.000000e+00 2.432000e+00
2.490753e+00 2.000000e+00 2.417000e+00
2.478330e+00 2.000000e+00 2.401000e+00
2.465970e+00 2.000000e+00 2.391000e+00
2.453671e+00 2.000000e+00 2.377000e+00
2.441433e+00 2.000000e+00 2.366000e+00
2.429256e+00 2.000000e+00 2.355000e+00
2.417140e+00 2.000000e+00 2.350000e+00
2.405085e+00 2.000000e+00 2.338000e+00
2.393089e+00 2.000000e+00 2.325000e+00
2.381154e+00 2.000000e+00 2.314000e+00
2.369278e+00 2.000000e+00 2.302000e+00
2.357461e+00 1.000000e+00 2.292000e+00
2.345703e+00 1.000000e+00 2.284000e+00
2.334004e+00 1.000000e+00 2.274000e+00
2.322363e+00 1.000000e+00 2.266000e+00
2.310780e+00 1.000000e+00 2.256000e+00
2.299255e+00 1.000000e+00 2.247000e+00
2.287787e+00 1.000000e+00 2.241000e+00
2.276377e+00 1.000000e+00 2.229000e+00
2.265023e+00 1.000000e+00 2.216000e+00
2.253727e+00 1.000000e+00 2.205000e+00
2.242486e+00 1.000000e+00 2.196000e+00
2.231302e+00 1.000000e+00 2.184000e+00
2.220173e+00 1.000000e+00 2.174000e+00
2.209100e+00 1.000000e+00 2.162000e+00
2.198082e+00 1.000000e+00 2.150000e+00
2.187119e+00 1.000000e+00 2.140000e+00
2.176211e+00 1.000000e+00 2.128000e+00
2.165357e+00 1.000000e+00 2.123000e+00
2.154557e+00 1.000000e+00 2.113000e+00
2.143811e+00 1.000000e+00 2.104000e+00
2.133119e+00 1.000000e+00 2.096000e+00
2.122480e+00 1.000000e+00 2.088000e+00
2.111894e+00 1.000000e+00 2.076000e+00
2.101361e+00 1.000000e+00 2.068000e+00
2.090880e+00 1.000000e+00 2.059000e+00
2.080452e+00 1.000000e+00 2.054000e+00
2.070076e+00 1.000000e+00 2.050000e+00
2.059751e+00 1.000000e+00 2.040000e+00
2.049478e+00 1.000000e+00 2.032000e+00
2.039256e+00 1.000000e+00 2.021000e+00
2.029085e+00 1.000000e+00 2.010000e+00
2.018965e+00 1.000000e+00 2.000000e+00
2.008896e+00 1.000000e+00 1.992000e+00
1.998876e+00 1.000000e+00 1.979000e+00
1.988907e+00 1.000000e+00 1.972000e+00
1.978987e+00 1.000000e+00 1.959000e+00
1.969117e+00 1.000000e+00 1.951000e+00
1.959296e+00 1.000000e+00 1.936000e+00
1.949524e+00 1.000000e+00 1.925000e+00
1.939800e+00 1.000000e+00 1.916000e+00
1.930126e+00 1.000000e+00 1.913000e+00
1.920499e+00 1.000000e+00 1.902000e+00
1.910921e+00 1.000000e+00 1.897000e+00
1.901390e+00 1.000000e+00 1.886000e+00
1.891907e+00 1.000000e+00 1.876000e+00
1.882471e+00 1.000000e+00 1.864000e+00
1.873082e+00 1.000000e+00 1.852000e+00
1.863740e+00 1.000000e+00 1.844000e+00
1.854444e+00 1.000000e+00 1.838000e+00
1.845195e+00 1.000000e+00 1.829000e+00
1.835992e+00 1.000000e+00 1.822000e+00
1.826835e+00 1.000000e+00 1.811000e+00
1.817724e+00 1.000000e+00 1.805000e+00
1.808658e+00 1.000000e+00 1.795000e+00
1.799637e+00 1.000000e+00 1.789000e+00
1.790661e+00 1.000000e+00 1.778000e+00
1.781731e+00 1.000000e+00 1.769000e+00
1.772844e+00 1.000000e+00 1.763000e+00
1.764002e+00 1.000000e+00 1.752000e+00
1.755204e+00 1.000000e+00 1.745000e+00
1.746450e+00 1.000000e+00 1.737000e+00
1.737739e+00 1.000000e+00 1.726000e+00
1.729072e+00 1.000000e+00 1.715000e+00
1.720449e+00 1.000000e+00 1.709000e+00
1.711868e+00 1.000000e+00 1.697000e+00
1.703330e+00 1.000000e+00 1.692000e+00
1.694834e+00 1.000000e+00 1.685000e+00
1.686381e+00 1.000000e+00 1.674000e+00
1.677971e+00 1.000000e+00 1.665000e+00
1.669602e+00 1.000000e+00 1.656000e+00
1.661275e+00 1.000000e+00 1.649000e+00
1.652989e+00 1.000000e+00 1.645000e+00
1.644745e+00 1.000000e+00 1.639000e+00
1.636541e+00 1.000000e+00 1.633000e+00
1.628379e+00 1.000000e+00 1.627000e+00
1.620258e+00 1.000000e+00 1.623000e+00
1.612176e+00 1.000000e+00 1.618000e+00
1.604136e+00 1.000000e+00 1.609000e+00
1.596135e+00 1.000000e+00 1.605000e+00
1.588174e+00 1.000000e+00 1.595000e+00
1.580253e+00 1.000000e+00 1.585000e+00
1.572372e+00 1.000000e+00 1.577000e+00
1.564529e+00 1.000000e+00 1.566000e+00
1.556726e+00 1.000000e+00 1.562000e+00
1.548962e+00 1.000000e+00 1.550000e+00
1.541237e+00 1.000000e+00 1.544000e+00
1.533550e+00 1.000000e+00 1.537000e+00
1.525901e+00 1.000000e+00 1.530000e+00
1.518291e+00 1.000000e+00 1.524000e+00
1.510718e+00 1.000000e+00 1.519000e+00
1.503183e+00 1.000000e+00 1.508000e+00
1.495686e+00 1.000000e+00 1.501000e+00
1.488226e+00 1.000000e+00 1.493000e+00
1.480804e+00 1.000000e+00 1.482000e+00
1.473418e+00 1.000000e+00 1.469000e+00
1.466070e+00 1.000000e+00 1.464000e+00
1.458758e+00 1.000000e+00 1.457000e+00
1.451482e+00 1.000000e+00 1.450000e+00
1.444243e+00 1.000000e+00 1.444000e+00
1.437039e+00 1.000000e+00 1.438000e+00
1.429872e+00 1.000000e+00 1.429000e+00
1.422741e+00 1.000000e+00 1.422000e+00
1.415645e+00 1.000000e+00 1.414000e+00
1.408584e+00 1.000000e+00 1.409000e+00
1.401559e+00 1.000000e+00 1.403000e+00
1.394569e+00 1.000000e+00 1.401000e+00
1.387613e+00 1.000000e+00 1.396000e+00
1.380692e+00 1.000000e+00 1.387000e+00
1.373806e+00 1.000000e+00 1.378000e+00
1.366954e+00 1.000000e+00 1.372000e+00
1.360137e+00 1.000000e+00 1.366000e+00
1.353353e+00 1.000000e+00 1.350000e+00
1.346603e+00 1.000000e+00 1.345000e+00
1.339887e+00 1.000000e+00 1.339000e+00
1.333204e+00 1.000000e+00 1.331000e+00
1.326555e+00 1.000000e+00 1.320000e+00
1.319938e+00 1.000000e+00 1.310000e+00
1.313355e+00 1.000000e+00 1.303000e+00
1.306805e+00 1.000000e+00 1.296000e+00
1.300287e+00 1.000000e+00 1.291000e+00
1.293802e+00 1.000000e+00 1.283000e+00
1.287349e+00 1.000000e+00 1.273000e+00
1.280928e+00 1.000000e+00 1.271000e+00
1.274540e+00 1.000000e+00 1.261000e+00
1.268183e+00 1.000000e+00 1.255000e+00
1.261858e+00 1.000000e+00 1.240000e+00
1.255564e+00 1.000000e+00 1.235000e+00
1.249302e+00 1.000000e+00 1.229000e+00
1.243071e+00 1.000000e+00 1.222000e+00
1.236871e+00 1.000000e+00 1.218000e+00
1.230702e+00 1.000000e+00 1.210000e+00
1.224564e+00 1.000000e+00 1.202000e+00
1.218457e+00 1.000000e+00 1.194000e+00
1.212380e+00 1.000000e+00 1.189000e+00
1.206333e+00 1.000000e+00 1.182000e+00
1.200316e+00 1.000000e+00 1.177000e+00
1.194330e+00 1.000000e+00 1.173000e+00
1.188373e+00 1.000000e+00 1.169000e+00
1.182446e+00 1.000000e+00 1.163000e+00
1.176548e+00 1.000000e+00 1.158000e+00
1.170680e+00 1.000000e+00 1.153000e+00
1.164842e+00 1.000000e+00 1.146000e+00
1.159032e+00 1.000000e+00 1.138000e+00
1.153251e+00 1.000000e+00 1.131000e+00
1.147499e+00 1.000000e+00 1.123000e+00
1.141776e+00 1.000000e+00 1.115000e+00
1.136082e+00 1.000000e+00 1.111000e+00
1.130415e+00 1.000000e+00 1.104000e+00
1.124777e+00 1.000000e+00 1.102000e+00
1.119167e+00 1.000000e+00 1.094000e+00
1.113586e+00 1.000000e+00 1.092000e+00
1.108032e+00 1.000000e+00 1.088000e+00
1.102505e+00 1.000000e+00 1.080000e+00
1.097006e+00 1.000000e+00 1.071000e+00
1.091535e+00 1.000000e+00 1.066000e+00
1.086091e+00 1.000000e+00 1.065000e+00
1.080674e+00 1.000000e+00 1.061000e+00
1.075284e+00 1.000000e+00 1.059000e+00
1.069921e+00 1.000000e+00 1.054000e+00
1.064585e+00 1.000000e+00 1.046000e+00
1.059275e+00 1.000000e+00 1.040000e+00
1.053992e+00 1.000000e+00 1.036000e+00
1.048735e+00 1.000000e+00 1.026000e+00
1.043505e+00 1.000000e+00 1.020000e+00
1.038300e+00 1.000000e+00 1.013000e+00
1.033122e+00 1.000000e+00 1.011000e+00
1.027969e+00 1.000000e+00 1.006000e+00
1.022842e+00 1.000000e+00 1.000000e+00
1.017741e+00 1.000000e+00 9.930000e-01
1.012665e+00 1.000000e+00 9.860000e-01
1.007614e+00 1.000000e+00 9.790000e-01
1.002588e+00 1.000000e+00 9.730000e-01
9.975880e-01 1.000000e+00 9.680000e-01
9.926125e-01 1.000000e+00 9.650000e-01
9.876618e-01 1.000000e+00 9.610000e-01
9.827359e-01 1.000000e+00 9.580000e-01
9.778344e-01 1.000000e+00 9.540000e-01
9.729575e-01 1.000000e+00 9.500000e-01
9.681048e-01 1.000000e+00 9.450000e-01
9.632764e-01 1.000000e+00 9.400000e-01
9.584720e-01 1.000000e+00 9.380000e-01
9.536916e-01 1.000000e+00 9.350000e-01
9.489351e-01 1.000000e+00 9.290000e-01
9.442022e-01 1.000000e+00 9.250000e-01
9.394930e-01 1.000000e+00 9.210000e-01
9.348073e-01 1.000000e+00 9.160000e-01
9.301449e-01 1.000000e+00 9.120000e-01
9.255058e-01 1.000000e+00 9.060000e-01
9.208898e-01 1.000000e+00 8.990000e-01
9.162968e-01 1.000000e+00 8.960000e-01
9.117268e-01 1.000000e+00 8.920000e-01
9.071795e-01 1.000000e+00 8.910000e-01
9.026550e-01 1.000000e+00 8.880000e-01
8.981529e-01 1.000000e+00 8.840000e-01
8.936734e-01 1.000000e+00 8.810000e-01
8.892162e-01 1.000000e+00 8.710000e-01
8.847812e-01 1.000000e+00 8.650000e-01
8.803683e-01 1.000000e+00 8.650000e-01
8.759775e-01 1.000000e+00 8.570000e-01
8.716085e-01 1.000000e+00 8.520000e-01
8.672613e-01 1.000000e+00 8.470000e-01
8.629359e-01 1.000000e+00 8.410000e-01
8.586320e-01 1.000000e+00 8.340000e-01
8.543495e-01 1.000000e+00 8.290000e-01
8.500884e-01 1.000000e+00 8.250000e-01
8.458486e-01 1.000000e+00 8.190000e-01
8.416299e-01 1.000000e+00 8.140000e-01
8.374323e-01 1.000000e+00 8.080000e-01
8.332555e-01 1.000000e+00 8.070000e-01
8.290997e-01 1.000000e+00 8.030000e-01
8.249645e-01 1.000000e+00 8.000000e-01
8.208500e-01 1.000000e+00 7.980000e-01
8.167560e-01 1.000000e+00 7.960000e-01
8.126824e-01 1.000000e+00 7.910000e-01
8.086291e-01 1.000000e+00 7.860000e-01
8.045961e-01 1.000000e+00 7.790000e-01
8.005831e-01 1.000000e+00 7.760000e-01
7.965902e-01 1.000000e+00 7.730000e-01
7.926172e-01 1.000000e+00 7.700000e-01
7.886640e-01 1.000000e+00 7.660000e-01
7.847305e-01 1.000000e+00 7.600000e-01
7.808167e-01 1.000000e+00 7.580000e-01
7.769223e-01 1.000000e+00 7.560000e-01
7.730474e-01 1.000000e+00 7.510000e-01
7.691918e-01 1.000000e+00 7.490000e-01
7.653555e-01 1.000000e+00 7.450000e-01
7.615382e-01 1.000000e+00 7.420000e-01
7.577400e-01 1.000000e+00 7.370000e-01
7.539608e-01 1.000000e+00 7.350000e-01
7.502004e-01 1.000000e+00 7.320000e-01
7.464588e-01 1.000000e+00 7.250000e-01
7.427358e-01 1.000000e+00 7.240000e-01
7.390314e-01 1.000000e+00 7.220000e-01
7.353454e-01 1.000000e+00 7.190000e-01
7.316779e-01 1.000000e+00 7.170000e-01
7.280286e-01 1.000000e+00 7.160000e-01
7.243976e-01 1.000000e+00 7.080000e-01
7.207846e-01 1.000000e+00 7.050000e-01
7.171897e-01 1.000000e+00 7.010000e-01
7.136127e-01 1.000000e+00 6.980000e-01
7.100535e-01 1.000000e+00 6.940000e-01
7.065121e-01 1.000000e+00 6.890000e-01
7.029884e-01 1.000000e+00 6.850000e-01
6.994822e-01 1.000000e+00 6.850000e-01
6.959935e-01 1.000000e+00 6.820000e-01
6.925223e-01 1.000000e+00 6.800000e-01
6.890683e-01 1.000000e+00 6.750000e-01
6.856315e-01 1.000000e+00 6.700000e-01
6.822119e-01 1.000000e+00 6.680000e-01
6.788094e-01 1.000000e+00 6.620000e-01
6.754238e-01 1.000000e+00 6.590000e-01
6.720551e-01 1.000000e+00 6.530000e-01
6.687032e-01 1.000000e+00 6.510000e-01
6.653681e-01 1.000000e+00 6.480000e-01
6.620495e-01 1.000000e+00 6.430000e-01
6.587475e-01 1.000000e+00 6.390000e-01
6.554620e-01 1.000000e+00 6.340000e-01
6.521929e-01 1.000000e+00 6.290000e-01
6.489401e-01 1.000000e+00 6.200000e-01
6.457035e-01 1.000000e+00 6.170000e-01
6.424830e-01 1.000000e+00 6.140000e-01
6.392786e-01 1.000000e+00 6.110000e-01
6.360902e-01 1.000000e+00 6.070000e-01
6.329177e-01 1.000000e+00 6.040000e-01
6.297610e-01 1.000000e+00 6.010000e-01
6.266200e-01 1.000000e+00 5.990000e-01
6.234948e-01 1.000000e+00 5.900000e-01
6.203851e-01 1.000000e+00 5.890000e-01
6.172909e-01 1.000000e+00 5.870000e-01
6.142121e-01 1.000000e+00 5.840000e-01
6.111487e-01 1.000000e+00 5.800000e-01
6.081006e-01 1.000000e+00 5.770000e-01
6.050677e-01 1.000000e+00 5.730000e-01
6.020499e-01 1.000000e+00 5.670000e-01
5.990472e-01 1.000000e+00 5.660000e-01
5.960594e-01 1.000000e+00 5.610000e-01
5.930866e-01 1.000000e+00 5.580000e-01
5.901285e-01 0.000000e+00 5.550000e-01
5.871853e-01 0.000000e+00 5.500000e-01
5.842567e-01 0.000000e+00 5.480000e-01
5.813427e-01 0.000000e+00 5.450000e-01
5.784432e-01 0.000000e+00 5.420000e-01
5.755582e-01 0.000000e+00 5.400000e-01
5.726876e-01 0.000000e+00 5.370000e-01
5.698313e-01 0.000000e+00 5.360000e-01
5.669893e-01 0.000000e+00 5.340000e-01
5.641614e-01 0.000000e+00 5.320000e-01
5.613476e-01 0.000000e+00 5.300000e-01
5.585479e-01 0.000000e+00 5.270000e-01
5.557621e-01 0.000000e+00 5.260000e-01
5.529903e-01 0.000000e+00 5.250000e-01
5.502322e-01 0.000000e+00 5.220000e-01
5.474879e-01 0.000000e+00 5.150000e-01
5.447573e-01 0.000000e+00 5.140000e-01
5.420403e-01 0.000000e+00 5.120000e-01
5.393369e-01 0.000000e+00 5.100000e-01
5.366469e-01 0.000000e+00 5.030000e-01
5.339704e-01 0.000000e+00 5.020000e-01
5.313072e-01 0.000000e+00 5.010000e-01
5.286573e-01 0.000000e+00 4.990000e-01
5.260206e-01 0.000000e+00 4.950000e-01
5.233971e-01 0.000000e+00 4.930000e-01
5.207866e-01 0.000000e+00 4.900000e-01
5.181892e-01 0.000000e+00 4.890000e-01
5.156047e-01 0.000000e+00 4.880000e-01
5.130331e-01 0.000000e+00 4.860000e-01
5.104743e-01 0.000000e+00 4.820000e-01
5.079283e-01 0.000000e+00 4.790000e-01
5.053950e-01 0.000000e+00 4.760000e-01
5.028744e-01 0.000000e+00 4.730000e-01
5.003663e-01 0.000000e+00 4.700000e-01
4.978707e-01 0.000000e+00 4.680000e-01
4.953875e-01 0.000000e+00 4.650000e-01
4.929168e-01 0.000000e+00 4.630000e-01
4.904584e-01 0.000000e+00 4.600000e-01
4.880122e-01 0.000000e+00 4.570000e-01
4.855782e-01 0.000000e+00 4.550000e-01
4.831564e-01 0.000000e+00 4.540000e-01
4.807466e-01 0.000000e+00 4.530000e-01
4.783489e-01 0.000000e+00 4.520000e-01
4.759631e-01 0.000000e+00 4.500000e-01
4.735892e-01 0.000000e+00 4.470000e-01
4.712272e-01 0.000000e+00 4.470000e-01
4.688770e-01 0.000000e+00 4.440000e-01
4.665384e-01 0.000000e+00 4.410000e-01
4.642115e-01 0.000000e+00 4.400000e-01
4.618963e-01 0.000000e+00 4.390000e-01
4.595926e-01 0.000000e+00 4.380000e-01
4.573003e-01 0.000000e+00 4.370000e-01
4.550195e-01 0.000000e+00 4.350000e-01
4.527501e-01 0.000000e+00 4.340000e-01
4.504920e-01 0.000000e+00 4.330000e-01
4.482452e-01 0.000000e+00 4.330000e-01
4.460096e-01 0.000000e+00 4.320000e-01
4.437851e-01 0.000000e+00 4.310000e-01
4.415717e-01 0.000000e+00 4.310000e-01
4.393693e-01 0.000000e+00 4.280000e-01
4.371780e-01 0.000000e+00 4.250000e-01
4.349975e-01 0.000000e+00 4.250000e-01
4.328280e-01 0.000000e+00 4.230000e-01
4.306692e-01 0.000000e+00 4.230000e-01
4.285213e-01 0.000000e+00 4.200000e-01
4.263840e-01 0.000000e+00 4.180000e-01
4.242574e-01 0.000000e+00 4.160000e-01
4.221414e-01 0.000000e+00 4.100000e-01
4.200360e-01 0.000000e+00 4.090000e-01
4.179410e-01 0.000000e+00 4.060000e-01
4.158566e-01 0.000000e+00 4.010000e-01
4.137825e-01 0.000000e+00 3.990000e-01
4.117187e-01 0.000000e+00 3.990000e-01
4.096653e-01 0.000000e+00 3.970000e-01
4.076220e-01 0.000000e+00 3.950000e-01
4.055890e-01 0.000000e+00 3.930000e-01
4.035661e-01 0.000000e+00 3.930000e-01
4.015533e-01 0.000000e+00 3.910000e-01
3.995506e-01 0.000000e+00 3.880000e-01
3.975578e-01 0.000000e+00 3.860000e-01
3.955750e-01 0.000000e+00 3.850000e-01
3.936020e-01 0.000000e+00 3.830000e-01
3.916390e-01 0.000000e+00 3.810000e-01
3.896856e-01 0.000000e+00 3.770000e-01
3.877421e-01 0.000000e+00 3.740000e-01
3.858082e-01 0.000000e+00 3.720000e-01
3.838840e-01 0.000000e+00 3.710000e-01
3.819694e-01 0.000000e+00 3.690000e-01
3.800643e-01 0.000000e+00 3.670000e-01
3.781687e-01 0.000000e+00 3.670000e-01
3.762826e-01 0.000000e+00 3.650000e-01
3.744059e-01 0.000000e+00 3.630000e-01
3.725385e-01 0.000000e+00 3.600000e-01
3.706805e-01 0.000000e+00 3.590000e-01
3.688317e-01 0.000000e+00 3.580000e-01
3.669921e-01 0.000000e+00 3.550000e-01
3.651617e-01 0.000000e+00 3.510000e-01
3.633405e-01 0.000000e+00 3.490000e-01
3.615283e-01 0.000000e+00 3.460000e-01
3.597252e-01 0.000000e+00 3.460000e-01
3.579311e-01 0.000000e+00 3.450000e-01
3.561459e-01 0.000000e+00 3.420000e-01
3.543696e-01 0.000000e+00 3.420000e-01
3.526022e-01 0.000000e+00 3.410000e-01
3.508435e-01 0.000000e+00 3.380000e-01
3.490937e-01 0.000000e+00 3.360000e-01
3.473526e-01 0.000000e+00 3.350000e-01
3.456202e-01 0.000000e+00 3.310000e-01
3.438964e-01 0.000000e+00 3.310000e-01
3.421812e-01 0.000000e+00 3.300000e-01
3.404745e-01 0.000000e+00 3.300000e-01
3.387764e-01 0.000000e+00 3.290000e-01
3.370868e-01 0.000000e+00 3.270000e-01
3.354055e-01 0.000000e+00 3.230000e-01
3.337327e-01 0.000000e+00 3.230000e-01
3.320682e-01 0.000000e+00 3.230000e-01
3.304120e-01 0.000000e+00 3.200000e-01
3.287641e-01 0.000000e+00 3.170000e-01
3.271243e-01 0.000000e+00 3.150000e-01
3.254928e-01 0.000000e+00 3.150000e-01
3.238694e-01 0.000000e+00 3.140000e-01
3.222541e-01 0.000000e+00 3.110000e-01
3.206469e-01 0.000000e+00 3.100000e-01
3.190476e-01 0.000000e+00 3.100000e-01
3.174564e-01 0.000000e+00 3.060000e-01
3.158730e-01 0.000000e+00 3.060000e-01
3.142976e-01 0.000000e+00 3.050000e-01
3.127301e-01 0.000000e+00 3.040000e-01
3.111703e-01 0.000000e+00 3.020000e-01
3.096183e-01 0.000000e+00 3.010000e-01
3.080741e-01 0.000000e+00 3.000000e-01
3.065376e-01 0.000000e+00 2.980000e-01
3.050087e-01 0.000000e+00 2.960000e-01
3.034875e-01 0.000000e+00 2.930000e-01
3.019738e-01 0.000000e+00 2.930000e-01
3.004677e-01 0.000000e+00 2.930000e-01
2.989691e-01 0.000000e+00 2.930000e-01
2.974780e-01 0.000000e+00 2.910000e-01
2.959944e-01 0.000000e+00 2.900000e-01
2.945181e-01 0.000000e+00 2.890000e-01
2.930492e-01 0.000000e+00 2.870000e-01
2.915876e-01 0.000000e+00 2.860000e-01
2.901333e-01 0.000000e+00 2.850000e-01
2.886862e-01 0.000000e+00 2.820000e-01
2.872464e-01 0.000000e+00 2.800000e-01
2.858137e-01 0.000000e+00 2.800000e-01
2.843882e-01 0.000000e+00 2.800000e-01
2.829699e-01 0.000000e+00 2.790000e-01
2.815585e-01 0.000000e+00 2.760000e-01
2.801543e-01 0.000000e+00 2.730000e-01
2.787570e-01 0.000000e+00 2.720000e-01
2.773667e-01 0.000000e+00 2.710000e-01
2.759833e-01 0.000000e+00 2.710000e-01
2.746068e-01 0.000000e+00 2.700000e-01
2.732372e-01 0.000000e+00 2.690000e-01
2.718744e-01 0.000000e+00 2.660000e-01
2.705185e-01 0.000000e+00 2.650000e-01
2.691693e-01 0.000000e+00 2.630000e-01
2.678268e-01 0.000000e+00 2.620000e-01
2.664910e-01 0.000000e+00 2.620000e-01
2.651618e-01 0.000000e+00 2.610000e-01
2.638393e-01 0.000000e+00 2.590000e-01
2.625234e-01 0.000000e+00 2.590000e-01
2.612141e-01 0.000000e+00 2.580000e-01
2.599113e-01 0.000000e+00 2.560000e-01
2.586150e-01 0.000000e+00 2.560000e-01
2.573251e-01 0.000000e+00 2.540000e-01
2.560417e-01 0.000000e+00 2.520000e-01
2.547647e-01 0.000000e+00 2.520000e-01
2.534941e-01 0.000000e+00 2.520000e-01
2.522297e-01 0.000000e+00 2.500000e-01
2.509717e-01 0.000000e+00 2.480000e-01
2.497200e-01 0.000000e+00 2.460000e-01
2.484745e-01 0.000000e+00 2.460000e-01
2.472353e-01 0.000000e+00 2.460000e-01
2.460022e-01 0.000000e+00 2.440000e-01
2.447752e-01 0.000000e+00 2.440000e-01
2.435544e-01 0.000000e+00 2.410000e-01
2.423397e-01 0.000000e+00 2.400000e-01
2.411310e-01 0.000000e+00 2.390000e-01
2.399284e-01 0.000000e+00 2.390000e-01
2.387317e-01 0.000000e+00 2.380000e-01
2.375410e-01 0.000000e+00 2.350000e-01
2.363563e-01 0.000000e+00 2.340000e-01
2.351775e-01 0.000000e+00 2.340000e-01
2.340045e-01 0.000000e+00 2.340000e-01
2.328374e-01 0.000000e+00 2.300000e-01
2.316761e-01 0.000000e+00 2.280000e-01
2.305206e-01 0.000000e+00 2.260000e-01
2.293709e-01 0.000000e+00 2.250000e-01
2.282269e-01 0.000000e+00 2.220000e-01
2.270886e-01 0.000000e+00 2.210000e-01
2.259560e-01 0.000000e+00 2.210000e-01
2.248291e-01 0.000000e+00 2.190000e-01
2.237077e-01 0.000000e+00 2.170000e-01
2.225920e-01 0.000000e+00 2.160000e-01
2.214818e-01 0.000000e+00 2.150000e-01
2.203771e-01 0.000000e+00 2.140000e-01
2.192780e-01 0.000000e+00 2.130000e-01
2.181844e-01 0.000000e+00 2.090000e-01
2.170962e-01 0.000000e+00 2.090000e-01
2.160134e-01 0.000000e+00 2.090000e-01
2.149360e-01 0.000000e+00 2.080000e-01
2.138640e-01 0.000000e+00 2.070000e-01
2.127974e-01 0.000000e+00 2.060000e-01
2.117360e-01 0.000000e+00 2.060000e-01
2.106800e-01 0.000000e+00 2.040000e-01
2.096292e-01 0.000000e+00 2.030000e-01
2.085837e-01 0.000000e+00 2.020000e-01
2.075434e-01 0.000000e+00 2.020000e-01
2.065083e-01 0.000000e+00 1.990000e-01
2.054783e-01 0.000000e+00 1.980000e-01
2.044535e-01 0.000000e+00 1.980000e-01
2.034337e-01 0.000000e+00 1.960000e-01
2.024191e-01 0.000000e+00 1.950000e-01
2.014095e-01 0.000000e+00 1.920000e-01
2.004050e-01 0.000000e+00 1.910000e-01
1.994055e-01 0.000000e+00 1.900000e-01
1.984109e-01 0.000000e+00 1.890000e-01
1.974214e-01 0.000000e+00 1.890000e-01
1.964367e-01 0.000000e+00 1.890000e-01
1.954570e-01 0.000000e+00 1.880000e-01
1.944821e-01 0.000000e+00 1.850000e-01
1.935122e-01 0.000000e+00 1.850000e-01
1.925470e-01 0.000000e+00 1.850000e-01
1.915867e-01 0.000000e+00 1.850000e-01
1.906311e-01 0.000000e+00 1.850000e-01
1.896804e-01 0.000000e+00 1.830000e-01
1.887343e-01 0.000000e+00 1.830000e-01
1.877930e-01 0.000000e+00 1.830000e-01
1.868564e-01 0.000000e+00 1.820000e-01
1.859244e-01 0.000000e+00 1.810000e-01
1.849971e-01 0.000000e+00 1.810000e-01
1.840745e-01 0.000000e+00 1.810000e-01
1.831564e-01 0.000000e+00 1.810000e-01
1.822429e-01 0.000000e+00 1.800000e-01
1.813340e-01 0.000000e+00 1.800000e-01
1.804295e-01 0.000000e+00 1.800000e-01
1.795296e-01 0.000000e+00 1.790000e-01
1.786342e-01 0.000000e+00 1.780000e-01
1.777433e-01 0.000000e+00 1.770000e-01
1.768568e-01 0.000000e+00 1.750000e-01
1.759747e-01 0.000000e+00 1.750000e-01
1.750970e-01 0.000000e+00 1.740000e-01
1.742237e-01 0.000000e+00 1.730000e-01
1.733548e-01 0.000000e+00 1.720000e-01
1.724902e-01 0.000000e+00 1.720000e-01
1.716299e-01 0.000000e+00 1.710000e-01
1.707739e-01 0.000000e+00 1.710000e-01
1.699221e-01 0.000000e+00 1.700000e-01
1.690747e-01 0.000000e+00 1.690000e-01
1.682314e-01 0.000000e+00 1.680000e-01
1.673923e-01 0.000000e+00 1.670000e-01
1.665575e-01 0.000000e+00 1.670000e-01
1.657268e-01 0.000000e+00 1.670000e-01
1.649002e-01 0.000000e+00 1.670000e-01
1.640777e-01 0.000000e+00 1.660000e-01
1.632594e-01 0.000000e+00 1.650000e-01
1.624451e-01 0.000000e+00 1.640000e-01
1.616349e-01 0.000000e+00 1.640000e-01
1.608288e-01 0.000000e+00 1.630000e-01
1.600267e-01 0.000000e+00 1.610000e-01
1.592285e-01 0.000000e+00 1.610000e-01
1.584344e-01 0.000000e+00 1.610000e-01
1.576442e-01 0.000000e+00 1.610000e-01
1.568579e-01 0.000000e+00 1.610000e-01
1.560756e-01 0.000000e+00 1.610000e-01
1.552971e-01 0.000000e+00 1.590000e-01
1.545226e-01 0.000000e+00 1.590000e-01
1.537519e-01 0.000000e+00 1.590000e-01
1.529851e-01 0.000000e+00 1.580000e-01
1.522221e-01 0.000000e+00 1.570000e-01
1.514628e-01 0.000000e+00 1.560000e-01
1.507074e-01 0.000000e+00 1.540000e-01
1.499558e-01 0.000000e+00 1.530000e-01
1.492079e-01 0.000000e+00 1.530000e-01
1.484637e-01 0.000000e+00 1.530000e-01
1.477232e-01 0.000000e+00 1.520000e-01
1.469864e-01 0.000000e+00 1.500000e-01
1.462533e-01 0.000000e+00 1.500000e-01
1.455239e-01 0.000000e+00 1.490000e-01
1.447981e-01 0.000000e+00 1.480000e-01
1.440759e-01 0.000000e+00 1.430000e-01
1.433573e-01 0.000000e+00 1.420000e-01
1.426423e-01 0.000000e+00 1.410000e-01
1.419309e-01 0.000000e+00 1.410000e-01
1.412230e-01 0.000000e+00 1.390000e-01
1.405187e-01 0.000000e+00 1.380000e-01
1.398178e-01 0.000000e+00 1.370000e-01
1.391205e-01 0.000000e+00 1.370000e-01
1.384266e-01 0.000000e+00 1.370000e-01
1.377362e-01 0.000000e+00 1.370000e-01
1.370493e-01 0.000000e+00 1.330000e-01
1.363657e-01 0.000000e+00 1.330000e-01
1.356856e-01 0.000000e+00 1.330000e-01
1.350089e-01 0.000000e+00 1.320000e-01
1.343355e-01 0.000000e+00 1.300000e-01
1.336655e-01 0.000000e+00 1.300000e-01
1.329988e-01 0.000000e+00 1.300000e-01
1.323355e-01 0.000000e+00 1.300000e-01
1.316755e-01 0.000000e+00 1.300000e-01
1.310187e-01 0.000000e+00 1.280000e-01
1.303653e-01 0.000000e+00 1.280000e-01
1.297151e-01 0.000000e+00 1.280000e-01
1.290681e-01 0.000000e+00 1.270000e-01
1.284244e-01 0.000000e+00 1.270000e-01
1.277839e-01 0.000000e+00 1.260000e-01
1.271466e-01 0.000000e+00 1.260000e-01
1.265124e-01 0.000000e+00 1.260000e-01
1.258814e-01 0.000000e+00 1.260000e-01
1.252536e-01 0.000000e+00 1.260000e-01
1.246289e-01 0.000000e+00 1.240000e-01
1.240073e-01 0.000000e+00 1.240000e-01
1.233888e-01 0.000000e+00 1.240000e-01
1.227734e-01 0.000000e+00 1.240000e-01
1.221611e-01 0.000000e+00 1.240000e-01
1.215518e-01 0.000000e+00 1.240000e-01
1.209455e-01 0.000000e+00 1.240000e-01
1.203423e-01 0.000000e+00 1.240000e-01
1.197421e-01 0.000000e+00 1.240000e-01
1.191449e-01 0.000000e+00 1.240000e-01
1.185507e-01 0.000000e+00 1.240000e-01
1.179594e-01 0.000000e+00 1.240000e-01
1.173711e-01 0.000000e+00 1.240000e-01
1.167857e-01 0.000000e+00 1.230000e-01
1.162032e-01 0.000000e+00 1.220000e-01
1.156236e-01 0.000000e+00 1.220000e-01
1.150470e-01 0.000000e+00 1.220000e-01
1.144732e-01 0.000000e+00 1.210000e-01
1.139022e-01 0.000000e+00 1.200000e-01
1.133341e-01 0.000000e+00 1.200000e-01
1.127689e-01 0.000000e+00 1.200000e-01
1.122064e-01 0.000000e+00 1.190000e-01
1.116468e-01 0.000000e+00 1.190000e-01
1.110900e-01 0.000000e+00 1.170000e-01
1.105359e-01 0.000000e+00 1.170000e-01
1.099846e-01 0.000000e+00 1.160000e-01
1.094361e-01 0.000000e+00 1.160000e-01
1.088902e-01 0.000000e+00 1.150000e-01
1.083471e-01 0.000000e+00 1.150000e-01
1.078068e-01 0.000000e+00 1.150000e-01
1.072691e-01 0.000000e+00 1.150000e-01
1.067341e-01 0.000000e+00 1.150000e-01
1.062017e-01 0.000000e+00 1.150000e-01
1.056720e-01 0.000000e+00 1.150000e-01
1.051450e-01 0.000000e+00 1.140000e-01
1.046206e-01 0.000000e+00 1.140000e-01
1.040988e-01 0.000000e+00 1.130000e-01
1.035796e-01 0.000000e+00 1.130000e-01
1.030630e-01 0.000000e+00 1.130000e-01
1.025490e-01 0.000000e+00 1.120000e-01
1.020375e-01 0.000000e+00 1.120000e-01
1.015286e-01 0.000000e+00 1.120000e-01
1.010222e-01 0.000000e+00 1.090000e-01
1.005184e-01 0.000000e+00 1.080000e-01
1.000170e-01 0.000000e+00 1.070000e-01
9.951818e-02 0.000000e+00 1.070000e-01
9.902183e-02 0.000000e+00 1.070000e-01
9.852796e-02 0.000000e+00 1.040000e-01
9.803655e-02 0.000000e+00 1.040000e-01
9.754759e-02 0.000000e+00 1.040000e-01
9.706107e-02 0.000000e+00 1.030000e-01
9.657698e-02 0.000000e+00 1.020000e-01
9.609530e-02 0.000000e+00 1.020000e-01
9.561602e-02 0.000000e+00 1.010000e-01
9.513913e-02 0.000000e+00 9.900000e-02
9.466462e-02 0.000000e+00 9.900000e-02
9.419248e-02 0.000000e+00 9.900000e-02
9.372270e-02 0.000000e+00 9.900000e-02
9.325525e-02 0.000000e+00 9.900000e-02
9.279014e-02 0.000000e+00 9.800000e-02
9.232735e-02 0.000000e+00 9.800000e-02
9.186686e-02 0.000000e+00 9.700000e-02
9.140867e-02 0.000000e+00 9.700000e-02
9.095277e-02 0.000000e+00 9.600000e-02
9.049914e-02 0.000000e+00 9.600000e-02
9.004778e-02 0.000000e+00 9.600000e-02
8.959866e-02 0.000000e+00 9.500000e-02
8.915179e-02 0.000000e+00 9.400000e-02
8.870714e-02 0.000000e+00 9.400000e-02
8.826471e-02 0.000000e+00 9.300000e-02
8.782449e-02 0.000000e+00 9.200000e-02
8.738646e-02 0.000000e+00 9.100000e-02
8.695062e-02 0.000000e+00 9.100000e-02
8.651695e-02 0.000000e+00 9.000000e-02
8.608545e-02 0.000000e+00 9.000000e-02
8.565609e-02 0.000000e+00 9.000000e-02
8.522888e-02 0.000000e+00 9.000000e-02
8.480380e-02 0.000000e+00 9.000000e-02
8.438084e-02 0.000000e+00 9.000000e-02
8.395999e-02 0.000000e+00 9.000000e-02
8.354124e-02 0.000000e+00 9.000000e-02
8.312457e-02 0.000000e+00 9.000000e-02
8.270999e-02 0.000000e+00 9.000000e-02
8.229747e-02 0.000000e+00 8.900000e-02
8.188701e-02 0.000000e+00 8.800000e-02
8.147860e-02 0.000000e+00 8.800000e-02
8.107222e-02 0.000000e+00 8.800000e-02
8.066787e-02 0.000000e+00 8.800000e-02
8.026554e-02 0.000000e+00 8.800000e-02
7.986521e-02 0.000000e+00 8.800000e-02
7.946688e-02 0.000000e+00 8.700000e-02
7.907054e-02 0.000000e+00 8.500000e-02
7.867617e-02 0.000000e+00 8.500000e-02
7.828378e-02 0.000000e+00 8.500000e-02
7.789333e-02 0.000000e+00 8.400000e-02
7.750484e-02 0.000000e+00 8.300000e-02
7.711828e-02 0.000000e+00 8.200000e-02
7.673365e-02 0.000000e+00 8.200000e-02
7.635094e-02 0.000000e+00 8.200000e-02
7.597014e-02 0.000000e+00 8.100000e-02
7.559124e-02 0.000000e+00 8.100000e-02
7.521422e-02 0.000000e+00 8.100000e-02
7.483909e-02 0.000000e+00 8.100000e-02
7.446583e-02 0.000000e+00 8.100000e-02
7.409443e-02 0.000000e+00 8.000000e-02
7.372488e-02 0.000000e+00 7.900000e-02
7.335718e-02 0.000000e+00 7.900000e-02
7.299131e-02 0.000000e+00 7.800000e-02
7.262726e-02 0.000000e+00 7.700000e-02
7.226503e-02 0.000000e+00 7.700000e-02
7.190461e-02 0.000000e+00 7.700000e-02
7.154598e-02 0.000000e+00 7.700000e-02
7.118915e-02 0.000000e+00 7.700000e-02
7.083409e-02 0.000000e+00 7.700000e-02
7.048080e-02 0.000000e+00 7.700000e-02
7.012928e-02 0.000000e+00 7.700000e-02
6.977951e-02 0.000000e+00 7.700000e-02
6.943148e-02 0.000000e+00 7.700000e-02
6.908519e-02 0.000000e+00 7.700000e-02
6.874063e-02 0.000000e+00 7.700000e-02
6.839778e-02 0.000000e+00 7.700000e-02
6.805664e-02 0.000000e+00 7.600000e-02
6.771721e-02 0.000000e+00 7.500000e-02
